Counter	TimeFine	Acc_X	Acc_Y	Acc_Z	Pressure	Temp
0	1876084	-0.0829618	-0.0342545	9.81557	100680	26.043
1	1876184	-0.105542	-0.0496057	9.81429	100685	26.0586
2	1876284	-0.0988954	-0.0243385	9.80844	100686	26.0742
3	1876384	-0.0917908	-0.0232504	9.817	100680	26.082
4	1876484	-0.102091	-0.0258343	9.81469	100683	26.0977
5	1876584	-0.0894699	-0.0328324	9.81307	100683	26.1133
6	1876684	-0.0943506	-0.0391426	9.80954	100688	26.1289
9	1876984	-0.0918566	-0.0367073	9.813	100681	26.1523
10	1877084	-0.0882338	-0.0320503	9.81445	100677	26.1562
11	1877184	-0.0864546	-0.0331283	9.81133	100679	26.1641
12	1877284	-0.096278	-0.0185457	9.81131	100676	26.168
13	1877384	-0.0734928	-0.0342919	9.80523	100682	26.1797
15	1877584	-0.091191	-0.0425394	9.8037	100679	26.1914
17	1877784	-0.0838009	-0.0565159	9.80067	100683	26.2031
20	1878084	-0.0999507	-0.0287394	9.81255	100682	26.2227
21	1878184	-0.0843709	-0.0230704	9.8042	100683	26.2188
23	1878384	-0.0796583	-0.0447068	9.79733	100681	26.2305
24	1878484	-0.097123	-0.0284944	9.81092	100674	26.2227
25	1878584	-0.110749	-0.0457989	9.80923	100681	26.2305
26	1878684	-0.0877828	-0.0339322	9.81212	100683	26.2383
28	1878884	-0.10405	-0.0508221	9.80997	100683	26.2383
31	1879184	-0.0848017	-0.0280135	9.8016	100678	26.2422
32	1879284	-0.0827238	-0.0292612	9.81877	100681	26.2461
33	1879384	-0.0989923	-0.0169645	9.80668	100685	26.2461
34	1879484	-0.0774054	-0.0397197	9.80828	100687	26.2461
37	1879784	-0.107593	-0.0291705	9.81233	100680	26.25
38	1879884	-0.0832555	-0.0466786	9.79276	100680	26.25
39	1879984	-0.0787686	-0.0357055	9.81834	100682	26.25
40	1880084	-0.0990452	-0.0205049	9.80871	100683	26.2617
42	1880284	-0.0826214	-0.0390149	9.79631	100680	26.25
44	1880484	-0.0822307	-0.0441511	9.80523	100683	26.2695
45	1880584	-0.0734844	-0.0382942	9.80155	100685	26.2695
46	1880684	-0.0928133	-0.0371852	9.80377	100677	26.2617
48	1880884	-0.0949111	-0.0358293	9.8093	100689	26.2617
51	1881184	-0.0915593	-0.0415057	9.80699	100685	26.2695
52	1881284	-0.0975728	-0.0499583	9.81326	100686	26.2656
53	1881384	-0.0957873	-0.0315225	9.8037	100680	26.2734
54	1881484	-0.0742371	-0.0278484	9.80809	100687	26.2773
56	1881684	-0.11078	-0.0438127	9.80835	100680	26.2734
57	1881784	-0.0989308	-0.0325396	9.79505	100678	26.2656
59	1881984	-0.0837407	-0.0221944	9.80413	100688	26.2734
60	1882084	-0.0983587	-0.0398792	9.80148	100682	26.2734
62	1882284	-0.0854102	-0.0283791	9.80539	100677	26.2695
63	1882384	-0.0882443	-0.0489254	9.79412	100680	26.2734
66	1882684	-0.115487	-0.0384818	9.80611	100681	26.2773
67	1882784	-0.0913702	-0.0396652	9.80573	100684	26.2734
68	1882884	-0.0867736	-0.053822	9.81245	100683	26.2773
70	1883084	-0.0897538	-0.0409029	9.80036	100680	26.2734
71	1883184	-0.0951739	-0.0372759	9.80837	100687	26.2773
74	1883484	-0.101617	-0.0200094	9.81033	100681	26.2773
75	1883584	-0.0975351	-0.0403722	9.8053	100673	26.2773
76	1883684	-0.0759062	-0.0414839	9.81202	100686	26.2852
77	1883784	-0.0772272	-0.0339268	9.81951	100683	26.2891
79	1883984	-0.0941361	-0.0539403	9.79114	100685	26.2773
80	1884084	-0.103299	-0.0355309	9.79347	100683	26.2773
83	1884384	-0.07645	-0.0431847	9.80515	100685	26.2773
84	1884484	-0.0939267	-0.038768	9.79946	100683	26.2891
85	1884584	-0.101315	-0.0183972	9.79385	100681	26.2773
88	1884884	-0.0957348	-0.0488815	9.79698	100681	26.2891
89	1884984	-0.10968	-0.039124	9.78513	100678	26.2852
91	1885184	-0.107428	-0.0316663	9.80208	100681	26.2891
93	1885384	-0.0941153	-0.0439012	9.79135	100678	26.2734
94	1885484	-0.0954407	-0.0438388	9.80434	100678	26.293
96	1885684	-0.0940556	-0.0369253	9.79221	100688	26.293
98	1885884	-0.0855702	-0.0316277	9.79993	100685	26.2891
99	1885984	-0.0931314	-0.019219	9.81074	100680	26.293
100	1886084	-0.0917344	-0.0416167	9.80513	100683	26.2891
102	1886284	-0.0869495	-0.0312395	9.80151	100685	26.2891
104	1886484	-0.105207	-0.0255015	9.80191	100687	26.2891
105	1886584	-0.095881	-0.0395935	9.80024	100679	26.2891
107	1886784	-0.091574	-0.0384102	9.79984	100680	26.293
108	1886884	-0.10095	-0.0359512	9.81574	100686	26.293
110	1887084	-0.116413	-0.0180189	9.80935	100689	26.2969
111	1887184	-0.0956593	-0.0415643	9.80859	100680	26.293
112	1887284	-0.0896272	-0.0151022	9.80878	100688	26.293
113	1887384	-0.083922	-0.035796	9.80885	100681	26.2969
115	1887584	-0.102711	-0.0494421	9.80074	100683	26.2969
116	1887684	-0.0956563	-0.031456	9.79693	100683	26.2969
118	1887884	-0.0917392	-0.0374069	9.80752	100681	26.2969
119	1887984	-0.0925844	-0.0375026	9.8078	100685	26.2969
121	1888184	-0.0790405	-0.0482854	9.79254	100677	26.2969
123	1888384	-0.10717	-0.0436735	9.80279	100685	26.2969
125	1888584	-0.0756795	-0.0404462	9.78584	100683	26.2969
126	1888684	-0.0817423	-0.0453691	9.79834	100683	26.2969
129	1888984	-0.0906481	-0.0307377	9.81307	100683	26.2969
130	1889084	-0.093041	-0.0361026	9.81481	100685	26.2969
131	1889184	-0.0750537	-0.040514	9.81386	100681	26.2969
132	1889284	-0.0897005	-0.0451046	9.80427	100687	26.2969
133	1889384	-0.0887264	-0.0390118	9.79517	100681	26.3047
137	1889784	-0.0859524	-0.0389293	9.79054	100685	26.2969
138	1889884	-0.0812139	-0.0369021	9.79481	100681	26.3047
139	1889984	-0.0934198	-0.0265949	9.79853	100683	26.2969
141	1890184	-0.094741	-0.0129104	9.80413	100683	26.3047
142	1890284	-0.10007	-0.0393537	9.80944	100685	26.2969
143	1890384	-0.0986112	-0.0415397	9.80253	100679	26.2969
144	1890484	-0.0870417	-0.0527705	9.79955	100683	26.2969
146	1890684	-0.0922984	-0.0372425	9.79712	100679	26.2969
148	1890884	-0.105057	-0.0375914	9.79636	100678	26.3008
151	1891184	-0.0861333	-0.0307633	9.80132	100687	26.3047
152	1891284	-0.0958877	-0.0441239	9.80911	100687	26.3047
153	1891384	-0.096457	-0.0414701	9.8067	100679	26.2969
154	1891484	-0.0753698	-0.0380371	9.81002	100684	26.3008
155	1891584	-0.0906287	-0.0333699	9.81145	100684	26.3125
157	1891784	-0.0790328	-0.0405582	9.817	100687	26.3047
158	1891884	-0.0771698	-0.0236412	9.79292	100679	26.3047
160	1892084	-0.0836835	-0.0369368	9.80678	100677	26.2969
162	1892284	-0.0814148	-0.0354941	9.80041	100683	26.3047
163	1892384	-0.101165	-0.0256915	9.81033	100683	26.3047
165	1892584	-0.110087	-0.0470811	9.79724	100685	26.3047
166	1892684	-0.0792384	-0.0500241	9.8079	100683	26.3047
168	1892884	-0.0780812	-0.0273425	9.80153	100679	26.3047
171	1893184	-0.0763034	-0.0446048	9.79614	100683	26.3047
172	1893284	-0.0974966	-0.0208674	9.80353	100680	26.3125
173	1893384	-0.0713752	-0.033397	9.78847	100684	26.3125
174	1893484	-0.0888772	-0.0416294	9.7995	100683	26.3047
176	1893684	-0.0841032	-0.0202984	9.78811	100684	26.3125
177	1893784	-0.0849375	-0.0520428	9.79092	100680	26.3125
178	1893884	-0.0935979	-0.0436737	9.79517	100684	26.3125
180	1894084	-0.0804377	-0.0342109	9.79996	100683	26.3164
182	1894284	-0.0789483	-0.023141	9.79869	100686	26.3125
183	1894384	-0.0879924	-0.039404	9.81364	100675	26.3047
185	1894584	-0.0915671	-0.0366789	9.79648	100686	26.3125
186	1894684	-0.0869288	-0.0356103	9.8089	100680	26.3203
188	1894884	-0.0910932	-0.026126	9.79948	100685	26.3164
189	1894984	-0.102774	-0.0253111	9.80196	100681	26.3164
191	1895184	-0.115096	-0.0374145	9.79476	100685	26.3047
192	1895284	-0.0972451	-0.0411727	9.80339	100689	26.3164
194	1895484	-0.0958072	-0.0423883	9.8022	100681	26.3164
197	1895784	-0.0976276	-0.0278467	9.80747	100682	26.3125
198	1895884	-0.0830404	-0.0464668	9.79731	100679	26.3164
200	1896084	-0.0764173	-0.0297862	9.80141	100683	26.3164
201	1896184	-0.0935029	-0.044891	9.80577	100683	26.3164
203	1896384	-0.0937282	-0.0478543	9.80656	100681	26.3164
204	1896484	-0.0906551	-0.0499576	9.80172	100684	26.3203
205	1896584	-0.0728762	-0.0461821	9.80613	100687	26.3242
207	1896784	-0.0688971	-0.0247022	9.80179	100683	26.3164
208	1896884	-0.0969909	-0.0319593	9.79133	100686	26.3203
210	1897084	-0.0741437	-0.0415278	9.81393	100687	26.3242
211	1897184	-0.102635	-0.0471636	9.7924	100684	26.3203
213	1897384	-0.0903626	-0.0336604	9.80487	100683	26.3164
214	1897484	-0.0811623	-0.030118	9.80732	100686	26.3203
216	1897684	-0.0866052	-0.0350622	9.80306	100682	26.3203
218	1897884	-0.0812116	-0.0357107	9.80437	100683	26.3242
219	1897984	-0.0905119	-0.0412634	9.79562	100681	26.3242
221	1898184	-0.0902301	-0.0292307	9.80799	100681	26.3242
222	1898284	-0.0998636	-0.0376858	9.7997	100677	26.3164
224	1898484	-0.0875549	-0.0360686	9.79836	100685	26.3242
225	1898584	-0.0851515	-0.0371294	9.79612	100682	26.3281
227	1898784	-0.104576	-0.0601854	9.80995	100687	26.3242
228	1898884	-0.097272	-0.0417321	9.80604	100689	26.332
231	1899184	-0.0838478	-0.0346039	9.80518	100683	26.3438
232	1899284	-0.0886468	-0.0476849	9.80067	100681	26.3242
233	1899384	-0.0900123	-0.0503465	9.7995	100687	26.3242
236	1899684	-0.0729143	-0.0272596	9.79149	100684	26.3203
238	1899884	-0.0936737	-0.0510131	9.79924	100690	26.3398
239	1899984	-0.0740966	-0.0520286	9.79581	100677	26.3242
241	1900184	-0.0847957	-0.0348782	9.7944	100685	26.3438
242	1900284	-0.098123	-0.0266346	9.79311	100684	26.3281
243	1900384	-0.0746042	-0.0416149	9.80895	100683	26.332
244	1900484	-0.11148	-0.0503335	9.81224	100687	26.3438
246	1900684	-0.100899	-0.0181904	9.80108	100689	26.332
249	1900984	-0.0890974	-0.0370058	9.81052	100681	26.3242
250	1901084	-0.0856718	-0.0360538	9.79612	100685	26.3242
252	1901284	-0.0840992	-0.0507726	9.79543	100689	26.3438
253	1901384	-0.0878547	-0.0246502	9.80153	100680	26.3477
254	1901484	-0.099409	-0.0243913	9.8047	100683	26.332
256	1901684	-0.0898648	-0.0440793	9.79702	100688	26.3281
257	1901784	-0.0872104	-0.0271763	9.81369	100687	26.3438
258	1901884	-0.0942765	-0.0315182	9.80842	100684	26.3281
261	1902184	-0.0887903	-0.043068	9.81052	100681	26.3242
262	1902284	-0.0779113	-0.0282326	9.81703	100691	26.3438
263	1902384	-0.0832235	-0.0282585	9.8069	100689	26.3438
264	1902484	-0.0806807	-0.0399408	9.80048	100688	26.3477
266	1902684	-0.0802537	-0.0282348	9.81119	100687	26.3438
268	1902884	-0.0883261	-0.0532477	9.80172	100688	26.3477
269	1902984	-0.0876193	-0.0458008	9.80108	100683	26.332
271	1903184	-0.0713058	-0.0194743	9.80422	100687	26.3438
272	1903284	-0.101246	-0.0312585	9.79714	100683	26.3516
273	1903384	-0.0914054	-0.0263711	9.7955	100680	26.3477
276	1903684	-0.0903313	-0.0317583	9.81262	100681	26.3516
277	1903784	-0.097552	-0.0497411	9.8094	100678	26.3398
280	1904084	-0.0842151	-0.0386481	9.81097	100681	26.3438
281	1904184	-0.102341	-0.0242381	9.79075	100679	26.3516
282	1904284	-0.107853	-0.0530243	9.80132	100683	26.3438
283	1904384	-0.0926813	-0.0355733	9.80132	100691	26.3516
284	1904484	-0.109377	-0.0269827	9.7981	100681	26.3438
286	1904684	-0.0779779	-0.0406129	9.81514	100681	26.3516
288	1904884	-0.0871329	-0.0283717	9.79707	100687	26.3516
289	1904984	-0.0857558	-0.0435408	9.80818	100687	26.3438
291	1905184	-0.0989193	-0.0370408	9.81221	100692	26.3594
293	1905384	-0.0906381	-0.0313295	9.79869	100682	26.3477
294	1905484	-0.0816433	-0.0284262	9.81236	100682	26.3477
295	1905584	-0.0890974	-0.0166474	9.81505	100679	26.3516
297	1905784	-0.0945483	-0.0214987	9.80165	100689	26.3516
299	1905984	-0.0743247	-0.0347498	9.80573	100686	26.3477
302	1906284	-0.092765	-0.0352314	9.78706	100680	26.3477
303	1906384	-0.0843174	-0.0392445	9.81247	100685	26.3516
304	1906484	-0.108183	-0.0443399	9.8048	100688	26.3477
306	1906684	-0.0720505	-0.0197802	9.80508	100685	26.3516
307	1906784	-0.0763383	-0.0405286	9.79567	100687	26.3516
308	1906884	-0.0958574	-0.0384726	9.80668	100689	26.3516
309	1906984	-0.0890187	-0.0377631	9.80713	100679	26.3516
311	1907184	-0.082104	-0.0377073	9.82003	100683	26.3516
314	1907484	-0.0978421	-0.0355443	9.81374	100691	26.3516
315	1907584	-0.080734	-0.0208005	9.79865	100685	26.3516
317	1907784	-0.0945616	-0.0488014	9.81486	100682	26.3477
318	1907884	-0.0768743	-0.0463899	9.82296	100679	26.3594
320	1908084	-0.107225	-0.0421728	9.79536	100679	26.3516
322	1908284	-0.103208	-0.0387441	9.79478	100692	26.3594
323	1908384	-0.0979316	-0.0386731	9.80179	100691	26.3672
324	1908484	-0.124308	-0.0404859	9.79917	100691	26.3672
325	1908584	-0.0871452	-0.0287784	9.82027	100685	26.3516
328	1908884	-0.0969823	-0.0346202	9.7909	100682	26.3555
329	1908984	-0.095457	-0.0347451	9.80566	100690	26.3711
330	1909084	-0.0825847	-0.0451882	9.79252	100681	26.3594
331	1909184	-0.0937436	-0.0439777	9.8022	100687	26.3672
333	1909384	-0.0834994	-0.0391222	9.80377	100679	26.3594
334	1909484	-0.0907427	-0.0228607	9.79798	100688	26.3555
337	1909784	-0.0974321	-0.0358719	9.81307	100681	26.3594
338	1909884	-0.090761	-0.0429333	9.81874	100683	26.3594
339	1909984	-0.0926266	-0.034848	9.79795	100683	26.3516
340	1910084	-0.0903936	-0.0489731	9.79419	100683	26.3594
342	1910284	-0.101591	-0.0360942	9.80217	100690	26.3711
344	1910484	-0.0916506	-0.0377569	9.79495	100682	26.3711
345	1910584	-0.0874199	-0.0335852	9.80911	100688	26.3594
348	1910884	-0.105034	-0.0437329	9.79731	100683	26.3672
350	1911084	-0.0898791	-0.0369826	9.79555	100689	26.3672
351	1911184	-0.0982236	-0.0340597	9.79908	100688	26.3711
352	1911284	-0.0887267	-0.0244376	9.80253	100686	26.3711
353	1911384	-0.0920449	-0.0531872	9.80585	100683	26.3672
356	1911684	-0.0934488	-0.0371424	9.80518	100686	26.3711
357	1911784	-0.0877885	-0.0295744	9.78448	100682	26.3711
359	1911984	-0.0843426	-0.0409895	9.79512	100686	26.3711
361	1912184	-0.10199	-0.0342044	9.80551	100685	26.3594
362	1912284	-0.0950262	-0.0156649	9.79388	100688	26.3711
363	1912384	-0.0978313	-0.0417785	9.80246	100688	26.3594
364	1912484	-0.102849	-0.0456125	9.81114	100689	26.3672
366	1912684	-0.0875757	-0.0186298	9.80821	100683	26.3672
369	1912984	-0.108411	-0.0293474	9.81617	100682	26.3711
370	1913084	-0.0689844	-0.0411139	9.80413	100685	26.3828
371	1913184	-0.0770144	-0.039135	9.80892	100684	26.3711
372	1913284	-0.106181	-0.0405529	9.80449	100681	26.3672
373	1913384	-0.0907376	-0.037105	9.78906	100684	26.3711
375	1913584	-0.0929082	-0.0258735	9.79822	100679	26.3594
377	1913784	-0.0858292	-0.0313129	9.81691	100678	26.3711
378	1913884	-0.0831489	-0.0498106	9.80039	100684	26.3711
380	1914084	-0.0785797	-0.0515041	9.80949	100679	26.375
381	1914184	-0.106972	-0.0377743	9.81812	100688	26.3789
383	1914384	-0.0784036	-0.0215865	9.80809	100684	26.3789
384	1914484	-0.0873653	-0.0164748	9.8037	100684	26.3711
386	1914684	-0.0891111	-0.0178903	9.80494	100684	26.3711
387	1914784	-0.0951464	-0.0494721	9.80866	100684	26.3711
389	1914984	-0.0947934	-0.0466755	9.81855	100684	26.3711
391	1915184	-0.090183	-0.0315611	9.7923	100680	26.3711
392	1915284	-0.100492	-0.0315484	9.79447	100677	26.375
394	1915484	-0.104511	-0.0417125	9.81669	100687	26.3828
396	1915684	-0.0997025	-0.049728	9.80976	100684	26.3789
397	1915784	-0.0966762	-0.0350697	9.81128	100684	26.3711
399	1915984	-0.0773687	-0.0297062	9.80244	100690	26.3867
400	1916084	-0.0887756	-0.0597657	9.79862	100684	26.3789
402	1916284	-0.0912751	-0.0308548	9.80816	100680	26.3789
403	1916384	-0.0856883	-0.0323607	9.80911	100684	26.3789
405	1916584	-0.0889888	-0.038437	9.80666	100688	26.3789
406	1916684	-0.0931124	-0.0306998	9.80821	100686	26.3789
408	1916884	-0.0823289	-0.0475967	9.80322	100681	26.3828
410	1917084	-0.0894222	-0.0205786	9.79862	100683	26.375
411	1917184	-0.0865243	-0.0315367	9.79512	100680	26.3789
413	1917384	-0.0986094	-0.0492698	9.80136	100685	26.3828
414	1917484	-0.098266	-0.0500056	9.80212	100682	26.3789
417	1917784	-0.0828767	-0.0421809	9.79753	100688	26.3867
418	1917884	-0.0960656	-0.0401645	9.80122	100682	26.3789
420	1918084	-0.104563	-0.0400486	9.81488	100686	26.3867
421	1918184	-0.0889304	-0.0223114	9.81095	100686	26.3789
423	1918384	-0.0926608	-0.0402969	9.81481	100690	26.3867
425	1918584	-0.0880384	-0.0355682	9.80129	100682	26.3867
427	1918784	-0.0909691	-0.0493687	9.81429	100683	26.3828
428	1918884	-0.0908852	-0.0382773	9.80906	100678	26.3789
429	1918984	-0.0758349	-0.028351	9.81448	100678	26.3867
431	1919184	-0.0820139	-0.039351	9.80613	100692	26.3867
432	1919284	-0.0654811	-0.042586	9.81343	100684	26.3867
434	1919484	-0.0626191	-0.0348775	9.80935	100688	26.3867
435	1919584	-0.0849329	-0.0342051	9.81822	100686	26.3867
436	1919684	-0.109375	-0.0236893	9.80813	100683	26.3828
437	1919784	-0.0731497	-0.0380962	9.80606	100684	26.3867
440	1920084	-0.104497	-0.0570798	9.81882	100684	26.3867
441	1920184	-0.101418	-0.0419186	9.80835	100686	26.3867
442	1920284	-0.089066	-0.0488994	9.81686	100682	26.3867
444	1920484	-0.103123	-0.0233144	9.81102	100682	26.3867
446	1920684	-0.0837316	-0.0522423	9.81379	100680	26.3789
448	1920884	-0.0825639	-0.0406261	9.79483	100685	26.3945
449	1920984	-0.0904886	-0.0395464	9.79319	100679	26.3945
450	1921084	-0.0882849	-0.030555	9.80768	100686	26.3984
451	1921184	-0.0890241	-0.0216981	9.81472	100682	26.3984
453	1921384	-0.0788859	-0.0360094	9.79125	100682	26.3867
456	1921684	-0.0814499	-0.0395899	9.81264	100685	26.3945
457	1921784	-0.0729957	-0.0509014	9.80446	100683	26.3945
458	1921884	-0.0966633	-0.0450029	9.79531	100686	26.3984
459	1921984	-0.0770214	-0.0453001	9.80222	100686	26.3984
462	1922284	-0.0818482	-0.0467122	9.8176	100686	26.4062
463	1922384	-0.0928327	-0.045538	9.80473	100687	26.4023
465	1922584	-0.0902754	-0.0337421	9.81133	100679	26.3945
467	1922784	-0.0831635	-0.0281185	9.81357	100681	26.4023
468	1922884	-0.0855353	-0.0251959	9.80802	100681	26.3945
470	1923084	-0.0892751	-0.0265233	9.80563	100688	26.3984
472	1923284	-0.104354	-0.0294996	9.79545	100686	26.3984
473	1923384	-0.0951049	-0.0355953	9.81557	100684	26.3984
474	1923484	-0.0849803	-0.0486627	9.79564	100682	26.4062
475	1923584	-0.0960061	-0.0346038	9.81593	100690	26.4062
478	1923884	-0.0766815	-0.0370391	9.8146	100686	26.4062
479	1923984	-0.0933472	-0.0179788	9.81154	100683	26.4023
480	1924084	-0.0798245	-0.0323304	9.81419	100690	26.4062
481	1924184	-0.0844158	-0.0443701	9.80556	100692	26.4062
484	1924484	-0.093139	-0.042367	9.80151	100683	26.4102
485	1924584	-0.0998907	-0.0397411	9.80291	100683	26.4102
486	1924684	-0.0835285	-0.0376056	9.81479	100687	26.4102
487	1924784	-0.108102	-0.0344892	9.79915	100682	26.4062
489	1924984	-0.0906164	-0.0333405	9.79762	100687	26.4102
492	1925284	-0.0925385	-0.0235876	9.81386	100684	26.4062
493	1925384	-0.0878227	-0.0420454	9.81674	100687	26.4219
494	1925484	-0.0726178	-0.0468042	9.81805	100682	26.4062
495	1925584	-0.0834521	-0.0302865	9.80172	100692	26.4062
497	1925784	-0.0935263	-0.0416128	9.7997	100685	26.4102
500	1926084	-0.109866	-0.0445423	9.80153	100683	26.4102
501	1926184	-0.108947	-0.0463475	9.79278	100686	26.4062
502	1926284	-0.090657	-0.0427655	9.7995	100686	26.4062
503	1926384	-0.0928627	-0.024103	9.79667	100690	26.4141
504	1926484	-0.102816	-0.0166385	9.80392	100683	26.4102
506	1926684	-0.097794	-0.0371079	9.80992	100689	26.4102
508	1926884	-0.107044	-0.0407615	9.79669	100685	26.4102
509	1926984	-0.0854173	-0.0329358	9.80577	100690	26.4141
511	1927184	-0.0898477	-0.039418	9.81252	100682	26.4141
512	1927284	-0.0897073	-0.051867	9.8115	100685	26.4102
514	1927484	-0.0773503	-0.0263149	9.80413	100685	26.4102
515	1927584	-0.0735315	-0.0326322	9.81541	100688	26.4141
519	1927984	-0.0967103	-0.0490849	9.8079	100688	26.4258
520	1928084	-0.0917772	-0.0302755	9.79533	100688	26.4141
521	1928184	-0.0810795	-0.0386666	9.79872	100684	26.4258
522	1928284	-0.0921862	-0.0397247	9.78751	100693	26.4219
523	1928384	-0.0925527	-0.0356248	9.81035	100688	26.4141
525	1928584	-0.0781707	-0.0321471	9.8125	100681	26.4219
526	1928684	-0.0919664	-0.0411333	9.80651	100686	26.4258
528	1928884	-0.0957943	-0.0396766	9.79486	100680	26.4258
530	1929084	-0.0852844	-0.026249	9.80661	100683	26.4219
531	1929184	-0.0819509	-0.0432666	9.80239	100683	26.4219
533	1929384	-0.0905711	-0.0511131	9.80666	100687	26.4219
534	1929484	-0.0969914	-0.0351537	9.80997	100686	26.4258
536	1929684	-0.0946437	-0.0374129	9.79908	100686	26.4258
537	1929784	-0.0855874	-0.0350453	9.80127	100686	26.4258
539	1929984	-0.0757376	-0.0327263	9.81228	100686	26.4258
540	1930084	-0.085731	-0.0390152	9.80225	100683	26.4219
542	1930284	-0.101706	-0.0426923	9.79917	100679	26.4102
543	1930384	-0.0988343	-0.0454678	9.799	100686	26.4258
545	1930584	-0.087736	-0.0332868	9.80868	100688	26.4258
547	1930784	-0.0941341	-0.0373762	9.80933	100682	26.4141
548	1930884	-0.0863416	-0.0384691	9.80687	100686	26.4258
550	1931084	-0.089259	-0.0284761	9.81481	100688	26.4258
551	1931184	-0.0814468	-0.0480495	9.80654	100686	26.4258
553	1931384	-0.0897591	-0.0332196	9.81169	100691	26.4297
554	1931484	-0.0900961	-0.0460465	9.80194	100684	26.4258
556	1931684	-0.0949306	-0.0396066	9.80334	100685	26.4219
557	1931784	-0.095805	-0.0416122	9.80942	100682	26.4258
560	1932084	-0.083904	-0.0263818	9.78734	100680	26.4258
561	1932184	-0.0935188	-0.0353514	9.81445	100691	26.4297
562	1932284	-0.0749905	-0.025416	9.79877	100681	26.4219
564	1932484	-0.0922933	-0.049902	9.80916	100686	26.4258
565	1932584	-0.0987104	-0.0423861	9.8079	100685	26.4297
567	1932784	-0.102965	-0.028382	9.81019	100685	26.4297
568	1932884	-0.0759999	-0.0432191	9.80563	100687	26.4297
570	1933084	-0.0976384	-0.0312954	9.82356	100678	26.4258
571	1933184	-0.0807286	-0.0370016	9.80546	100694	26.4336
573	1933384	-0.0936971	-0.0177565	9.81424	100688	26.4258
575	1933584	-0.087902	-0.0471166	9.79981	100684	26.4336
576	1933684	-0.0803331	-0.0318432	9.8016	100687	26.4297
579	1933984	-0.108022	-0.0512403	9.80468	100688	26.4336
580	1934084	-0.0951655	-0.0494987	9.82242	100685	26.4297
581	1934184	-0.0911997	-0.0539721	9.80933	100689	26.4297
582	1934284	-0.0849288	-0.0376393	9.80115	100680	26.4336
584	1934484	-0.0746359	-0.0471919	9.80718	100688	26.4258
586	1934684	-0.0893371	-0.0475075	9.8053	100686	26.4336
587	1934784	-0.0891854	-0.052588	9.80217	100684	26.4336
589	1934984	-0.0883258	-0.0496902	9.80012	100684	26.4336
590	1935084	-0.0899478	-0.0288275	9.79915	100691	26.4297
592	1935284	-0.0796188	-0.0335489	9.80251	100688	26.4336
593	1935384	-0.10923	-0.0449301	9.80413	100688	26.4414
595	1935584	-0.102873	-0.0396103	9.80849	100684	26.4336
597	1935784	-0.0849328	-0.0388043	9.79609	100688	26.4414
600	1936084	-0.103787	-0.046339	9.798	100687	26.4375
601	1936184	-0.0989333	-0.0460883	9.79002	100683	26.4375
602	1936284	-0.0903939	-0.0368307	9.8052	100686	26.4414
603	1936384	-0.0929257	-0.042814	9.80315	100686	26.4336
605	1936584	-0.0948341	-0.0204754	9.81619	100685	26.4375
606	1936684	-0.0805332	-0.0344455	9.79068	100673	26.4375
608	1936884	-0.0744659	-0.0353743	9.82065	100686	26.4414
609	1936984	-0.0925319	-0.0361304	9.80668	100683	26.4375
611	1937184	-0.0803079	-0.0397226	9.80673	100678	26.4336
612	1937284	-0.0973957	-0.0292875	9.79707	100690	26.4531
614	1937484	-0.0912876	-0.0519468	9.80077	100684	26.4414
616	1937684	-0.0885178	-0.041305	9.81059	100684	26.4336
617	1937784	-0.0912831	-0.0370995	9.79793	100686	26.4414
619	1937984	-0.0961092	-0.0357304	9.80334	100692	26.4414
620	1938084	-0.0977162	-0.0367454	9.80842	100687	26.4492
622	1938284	-0.0938232	-0.0485949	9.80754	100684	26.4414
623	1938384	-0.0918707	-0.0335869	9.80067	100688	26.4531
625	1938584	-0.0789678	-0.0402026	9.79142	100684	26.4414
627	1938784	-0.0780174	-0.0510723	9.80082	100686	26.4531
628	1938884	-0.0762865	-0.0468542	9.8088	100688	26.4414
629	1938984	-0.0830472	-0.0289951	9.80651	100686	26.4531
631	1939184	-0.0858841	-0.0456027	9.80511	100688	26.4414
633	1939384	-0.0798022	-0.0390495	9.81562	100689	26.457
634	1939484	-0.0801048	-0.0307872	9.80418	100685	26.4492
636	1939684	-0.0776517	-0.0289196	9.81841	100680	26.4414
637	1939784	-0.0921165	-0.0411355	9.81877	100684	26.4531
639	1939984	-0.0842082	-0.0293141	9.80876	100685	26.457
640	1940084	-0.103752	-0.0421456	9.80418	100684	26.4531
642	1940284	-0.0890968	-0.0438272	9.79488	100688	26.4531
644	1940484	-0.0877117	-0.0437695	9.8057	100678	26.4414
645	1940584	-0.0930578	-0.0410857	9.8243	100682	26.4531
647	1940784	-0.082109	-0.0514899	9.79414	100688	26.4531
648	1940884	-0.0905213	-0.0321501	9.80437	100684	26.4531
650	1941084	-0.0860212	-0.0221672	9.81524	100682	26.4531
651	1941184	-0.0808198	-0.0315643	9.81452	100688	26.4531
653	1941384	-0.104562	-0.0320565	9.81758	100684	26.4609
655	1941584	-0.0873384	-0.0286238	9.80642	100693	26.457
656	1941684	-0.0863456	-0.0379943	9.79376	100688	26.4531
658	1941884	-0.090717	-0.0395227	9.80442	100692	26.4609
659	1941984	-0.0852833	-0.0503934	9.80983	100691	26.457
661	1942184	-0.075683	-0.0255953	9.79824	100683	26.457
662	1942284	-0.102645	-0.0423335	9.812	100685	26.457
664	1942484	-0.0919288	-0.0356471	9.80415	100692	26.4531
666	1942684	-0.108619	-0.0327881	9.80427	100687	26.457
667	1942784	-0.112586	-0.0448294	9.79738	100691	26.457
669	1942984	-0.0875378	-0.0469745	9.80601	100690	26.4609
670	1943084	-0.0891644	-0.0288216	9.80926	100681	26.457
673	1943384	-0.105858	-0.0477972	9.82108	100685	26.457
674	1943484	-0.0902636	-0.0305869	9.79376	100687	26.457
676	1943684	-0.0977131	-0.0311914	9.79705	100685	26.457
677	1943784	-0.101416	-0.0351434	9.80208	100679	26.4648
678	1943884	-0.0812338	-0.0126849	9.82249	100688	26.4609
680	1944084	-0.0935501	-0.0384719	9.80883	100687	26.4648
681	1944184	-0.0803805	-0.0473394	9.7944	100682	26.4609
683	1944384	-0.0685178	-0.0484533	9.81574	100688	26.4609
684	1944484	-0.105438	-0.0295029	9.81185	100686	26.4609
686	1944684	-0.0835877	-0.0254316	9.81855	100686	26.4609
688	1944884	-0.0932699	-0.0308682	9.79879	100682	26.4609
689	1944984	-0.0725784	-0.0376381	9.79402	100688	26.4609
691	1945184	-0.0767691	-0.0325606	9.80172	100690	26.4609
692	1945284	-0.0921478	-0.0358981	9.81066	100687	26.4648
694	1945484	-0.0922261	-0.0494742	9.80616	100679	26.457
695	1945584	-0.0882214	-0.0359583	9.7971	100687	26.4648
697	1945784	-0.0813976	-0.0409036	9.80844	100688	26.4609
698	1945884	-0.0980664	-0.0373005	9.8089	100684	26.4609
700	1946084	-0.0902954	-0.0471207	9.80551	100680	26.4609
702	1946284	-0.0939567	-0.0408428	9.78484	100687	26.4688
703	1946384	-0.0971672	-0.0223486	9.78792	100679	26.4648
705	1946584	-0.0745834	-0.0163726	9.79204	100687	26.4648
706	1946684	-0.0971405	-0.0330605	9.798	100685	26.4648
708	1946884	-0.0796166	-0.0436278	9.80716	100687	26.4688
710	1947084	-0.0990925	-0.0470583	9.80675	100680	26.4688
711	1947184	-0.0777767	-0.0364633	9.80144	100687	26.4648
713	1947384	-0.0910247	-0.0440145	9.79502	100686	26.4766
715	1947584	-0.0741683	-0.0436919	9.80711	100687	26.4688
716	1947684	-0.0672292	-0.0528086	9.79021	100679	26.4648
717	1947784	-0.0904945	-0.0495742	9.79266	100689	26.4688
719	1947984	-0.0876079	-0.0218888	9.7986	100692	26.4766
720	1948084	-0.0839724	-0.0525056	9.83264	100687	26.4688
722	1948284	-0.0852852	-0.0505939	9.80644	100689	26.4688
724	1948484	-0.0833911	-0.0248734	9.8001	100682	26.4688
726	1948684	-0.0819166	-0.0400929	9.81383	100678	26.4688
727	1948784	-0.0876057	-0.0340263	9.79741	100680	26.4766
728	1948884	-0.0953211	-0.0237741	9.81803	100689	26.4688
730	1949084	-0.0837593	-0.0211471	9.80039	100684	26.4688
731	1949184	-0.0982144	-0.0358501	9.80828	100684	26.4766
733	1949384	-0.0942706	-0.0229837	9.81016	100687	26.4805
735	1949584	-0.0951672	-0.0379505	9.79793	100679	26.4648
736	1949684	-0.0808811	-0.0453122	9.80227	100687	26.4688
738	1949884	-0.0857307	-0.0293091	9.80477	100687	26.4688
739	1949984	-0.0851467	-0.0443698	9.78777	100680	26.4688
741	1950184	-0.095727	-0.0312114	9.81889	100680	26.4688
743	1950384	-0.0879443	-0.0270429	9.81827	100687	26.4688
744	1950484	-0.0826687	-0.0383446	9.79626	100684	26.4688
746	1950684	-0.0722204	-0.0435145	9.81326	100681	26.4805
747	1950784	-0.0786203	-0.0407783	9.81243	100679	26.4805
749	1950984	-0.0796388	-0.0361918	9.81994	100680	26.4688
750	1951084	-0.0887526	-0.033791	9.80563	100691	26.4805
752	1951284	-0.0887701	-0.0342606	9.80346	100691	26.4805
753	1951384	-0.0885411	-0.0291817	9.80413	100693	26.4883
755	1951584	-0.0855539	-0.0519134	9.82287	100685	26.4805
757	1951784	-0.0912486	-0.0459557	9.7918	100684	26.4688
758	1951884	-0.079344	-0.0316859	9.81255	100681	26.4805
760	1952084	-0.0941576	-0.037948	9.8017	100682	26.4844
761	1952184	-0.0772996	-0.0346965	9.80752	100687	26.4805
763	1952384	-0.0831632	-0.0324903	9.79986	100685	26.4805
764	1952484	-0.0958746	-0.0385832	9.79805	100689	26.4805
766	1952684	-0.102097	-0.0372822	9.80089	100692	26.4766
767	1952784	-0.0902522	-0.02987	9.81307	100682	26.4844
769	1952984	-0.100232	-0.0519713	9.80666	100678	26.4688
771	1953184	-0.0916802	-0.0478947	9.80916	100683	26.4805
772	1953284	-0.0980468	-0.0346191	9.81109	100685	26.4805
774	1953484	-0.0891549	-0.0339135	9.80346	100686	26.4844
775	1953584	-0.0896195	-0.0492764	9.80327	100687	26.4805
777	1953784	-0.0825763	-0.0369658	9.8093	100689	26.4883
778	1953884	-0.100066	-0.0386681	9.79693	100683	26.4805
780	1954084	-0.0962716	-0.0296087	9.80811	100689	26.4805
782	1954284	-0.0872654	-0.0311392	9.81092	100685	26.4805
785	1954584	-0.0751415	-0.040152	9.80422	100688	26.4844
786	1954684	-0.0928565	-0.0384523	9.81288	100677	26.4805
788	1954884	-0.0705593	-0.04649	9.81746	100688	26.4844
789	1954984	-0.0852753	-0.033967	9.81996	100677	26.4805
791	1955184	-0.106113	-0.0299901	9.8017	100692	26.5039
792	1955284	-0.0830114	-0.0372964	9.80637	100687	26.4883
793	1955384	-0.096656	-0.0566234	9.79605	100683	26.4883
796	1955684	-0.0955211	-0.0420378	9.80318	100680	26.4844
797	1955784	-0.0752579	-0.0482763	9.81491	100679	26.4883
798	1955884	-0.0975276	-0.0282118	9.80251	100685	26.4883
800	1956084	-0.101094	-0.0367493	9.80859	100684	26.4922
801	1956184	-0.0924679	-0.031079	9.80644	100687	26.4961
802	1956284	-0.110015	-0.0438555	9.79533	100685	26.4883
805	1956584	-0.0739338	-0.0285657	9.79502	100685	26.4961
806	1956684	-0.0854619	-0.0363258	9.80957	100686	26.4922
807	1956784	-0.0851889	-0.0315298	9.81164	100689	26.4961
808	1956884	-0.102058	-0.0417032	9.7939	100681	26.4883
810	1957084	-0.108873	-0.0368885	9.79867	100689	26.4961
811	1957184	-0.0881191	-0.0516241	9.79588	100682	26.4922
813	1957384	-0.0782726	-0.0487414	9.79676	100686	26.4922
815	1957584	-0.0857292	-0.0394598	9.80256	100689	26.4961
817	1957784	-0.0864197	-0.0399855	9.7954	100689	26.4961
818	1957884	-0.0791413	-0.0339355	9.8033	100691	26.4961
819	1957984	-0.0904375	-0.0437896	9.79736	100688	26.4922
820	1958084	-0.0847849	-0.0403449	9.81693	100688	26.5039
823	1958384	-0.10461	-0.0211555	9.79986	100683	26.4961
824	1958484	-0.0770736	-0.0448961	9.81159	100687	26.4961
825	1958584	-0.0884385	-0.0495424	9.80234	100689	26.5078
828	1958884	-0.104101	-0.0396468	9.82065	100688	26.4922
829	1958984	-0.110841	-0.0410817	9.79955	100693	26.5078
831	1959184	-0.0621068	-0.0388551	9.80561	100687	26.5078
832	1959284	-0.0852884	-0.0278581	9.80783	100677	26.4883
833	1959384	-0.0899487	-0.0292775	9.78968	100681	26.4961
834	1959484	-0.0765888	-0.0240008	9.80859	100687	26.4961
836	1959684	-0.0819577	-0.0344512	9.8048	100679	26.4961
837	1959784	-0.0819252	-0.0234815	9.79204	100683	26.4961
839	1959984	-0.0722571	-0.0327734	9.80427	100681	26.4961
840	1960084	-0.10614	-0.0383934	9.79867	100680	26.4922
842	1960284	-0.105224	-0.0367483	9.79381	100683	26.4961
843	1960384	-0.089186	-0.020359	9.80623	100685	26.5078
845	1960584	-0.0850002	-0.0171657	9.80875	100687	26.4961
846	1960684	-0.0950438	-0.0258292	9.80933	100691	26.5078
850	1961084	-0.0899818	-0.0397261	9.81498	100677	26.4961
851	1961184	-0.0789352	-0.0269953	9.80494	100689	26.4961
852	1961284	-0.112794	-0.0390742	9.80244	100689	26.5078
853	1961384	-0.0867822	-0.0386878	9.79359	100691	26.5156
856	1961684	-0.0846505	-0.0464412	9.81662	100689	26.5078
857	1961784	-0.094117	-0.0452882	9.79271	100686	26.5039
858	1961884	-0.0935202	-0.0364283	9.80182	100687	26.4961
860	1962084	-0.0767669	-0.0426209	9.81126	100695	26.5156
862	1962284	-0.0880545	-0.0428363	9.80799	100690	26.5117
864	1962484	-0.0850773	-0.0366996	9.80008	100688	26.5117
865	1962584	-0.0992475	-0.0301707	9.80587	100693	26.5078
867	1962784	-0.0970251	-0.0340271	9.80887	100682	26.5117
868	1962884	-0.0886271	-0.0314096	9.81169	100685	26.5156
870	1963084	-0.0963182	-0.0437085	9.78947	100686	26.5117
872	1963284	-0.0914517	-0.0433543	9.80492	100683	26.5156
873	1963384	-0.0814773	-0.0352895	9.80723	100687	26.5156
874	1963484	-0.0917364	-0.0396818	9.79269	100695	26.5234
875	1963584	-0.0825872	-0.0315327	9.7987	100681	26.5078
876	1963684	-0.0899904	-0.0498067	9.7975	100685	26.5156
879	1963984	-0.0826233	-0.0515512	9.79812	100687	26.5156
880	1964084	-0.104908	-0.0392246	9.8011	100692	26.5117
881	1964184	-0.105863	-0.0418846	9.79867	100687	26.5156
882	1964284	-0.0889171	-0.0473147	9.79431	100689	26.5156
884	1964484	-0.0949323	-0.0386228	9.80792	100691	26.5156
885	1964584	-0.0847998	-0.0333786	9.80628	100691	26.5156
887	1964784	-0.0842903	-0.0513235	9.80191	100683	26.5156
889	1964984	-0.087084	-0.0364117	9.80601	100688	26.5195
890	1965084	-0.0999044	-0.0203212	9.81061	100696	26.5195
892	1965284	-0.0768887	-0.0286612	9.7888	100685	26.5156
893	1965384	-0.102996	-0.0317011	9.79831	100695	26.5156
895	1965584	-0.0875054	-0.0327348	9.80344	100689	26.5156
897	1965784	-0.0903277	-0.0364485	9.80596	100687	26.5156
898	1965884	-0.087302	-0.0366505	9.81758	100683	26.5156
900	1966084	-0.0986335	-0.0400789	9.80721	100684	26.5195
901	1966184	-0.0938011	-0.0237496	9.81538	100683	26.5156
903	1966384	-0.104787	-0.0328075	9.80284	100684	26.5195
904	1966484	-0.0925447	-0.0427951	9.80947	100685	26.5156
906	1966684	-0.0960334	-0.0446899	9.80527	100690	26.5195
907	1966784	-0.092159	-0.0474503	9.80754	100688	26.5195
909	1966984	-0.0892791	-0.0403779	9.80759	100683	26.5156
911	1967184	-0.0979172	-0.0342124	9.81224	100687	26.5234
912	1967284	-0.0803582	-0.0377105	9.81727	100683	26.5234
914	1967484	-0.07958	-0.0523138	9.80761	100690	26.5195
915	1967584	-0.0808239	-0.0448857	9.81021	100690	26.5312
917	1967784	-0.104771	-0.0418437	9.79571	100685	26.5156
918	1967884	-0.0981603	-0.0263738	9.80094	100686	26.5195
920	1968084	-0.101776	-0.0365561	9.82068	100687	26.5156
922	1968284	-0.086138	-0.041529	9.80713	100687	26.5156
923	1968384	-0.0790386	-0.0545538	9.80549	100685	26.5234
925	1968584	-0.0906749	-0.0355537	9.79877	100693	26.5234
926	1968684	-0.101215	-0.043238	9.79886	100691	26.5234
928	1968884	-0.086165	-0.0315351	9.79724	100689	26.5156
929	1968984	-0.0973285	-0.0334324	9.7992	100687	26.5234
931	1969184	-0.100797	-0.0325058	9.80356	100683	26.5234
932	1969284	-0.0964164	-0.0484896	9.81343	100681	26.5234
936	1969684	-0.0909027	-0.0293022	9.81469	100691	26.5234
937	1969784	-0.0981855	-0.0306632	9.80461	100687	26.5234
938	1969884	-0.0960741	-0.0253398	9.81379	100689	26.5234
939	1969984	-0.0897964	-0.0269331	9.80675	100693	26.5234
940	1970084	-0.092732	-0.056491	9.79307	100693	26.5352
942	1970284	-0.0872171	-0.0157972	9.80532	100688	26.5312
943	1970384	-0.0794791	-0.0529491	9.79853	100683	26.5234
945	1970584	-0.086343	-0.0334861	9.80387	100683	26.5234
946	1970684	-0.0780453	-0.0423349	9.81412	100683	26.5352
948	1970884	-0.0798195	-0.0422036	9.79288	100686	26.5312
950	1971084	-0.0878373	-0.0382793	9.80732	100695	26.5352
951	1971184	-0.0976918	-0.043008	9.80823	100683	26.5234
953	1971384	-0.0810076	-0.0302727	9.81154	100687	26.5234
954	1971484	-0.0690347	-0.0241656	9.80096	100686	26.5312
956	1971684	-0.0833491	-0.0585113	9.80606	100684	26.5312
957	1971784	-0.0817375	-0.0456446	9.8042	100683	26.5234
959	1971984	-0.0672613	-0.0435217	9.80375	100682	26.5312
960	1972084	-0.0999808	-0.0178178	9.80191	100680	26.5312
962	1972284	-0.0976354	-0.0292952	9.81205	100684	26.5312
964	1972484	-0.0834848	-0.0406841	9.80275	100683	26.5352
965	1972584	-0.0989786	-0.0452101	9.80728	100679	26.5352
967	1972784	-0.0955651	-0.0398234	9.80208	100687	26.5352
968	1972884	-0.0923909	-0.0489505	9.80265	100687	26.5352
970	1973084	-0.0794365	-0.044366	9.79912	100679	26.5352
971	1973184	-0.0965067	-0.0437866	9.79724	100689	26.5352
973	1973384	-0.0800658	-0.0590185	9.79683	100683	26.5352
974	1973484	-0.096962	-0.0345293	9.79443	100685	26.5352
976	1973684	-0.0852168	-0.0516517	9.80668	100681	26.5352
977	1973784	-0.0801974	-0.0450936	9.79807	100687	26.5352
979	1973984	-0.0675336	-0.0335381	9.80082	100677	26.5352
981	1974184	-0.0912308	-0.042964	9.78737	100684	26.5391
982	1974284	-0.085	-0.0353909	9.79419	100687	26.5352
984	1974484	-0.0914319	-0.0359187	9.8104	100681	26.5352
985	1974584	-0.0919449	-0.0537035	9.79552	100684	26.5391
988	1974884	-0.10376	-0.0384407	9.8104	100685	26.5352
989	1974984	-0.0884067	-0.042906	9.79288	100689	26.543
991	1975184	-0.0897752	-0.0321878	9.81152	100683	26.5352
992	1975284	-0.0932972	-0.0410595	9.8146	100687	26.5352
993	1975384	-0.0977399	-0.0479359	9.79755	100692	26.5391
