Counter	TimeFine	Acc_X	Acc_Y	Acc_Z	Pressure	Temp
0	3964064	-0.0531416	-0.0456347	9.78518	100631	25.9414
1	3964164	-0.0542908	-0.0442829	9.798	100646	25.9688
2	3964264	-0.0359052	-0.0433658	9.79836	100640	25.9688
3	3964364	-0.0292515	-0.0452556	9.79712	100640	25.9883
4	3964464	-0.0380709	-0.045257	9.80718	100640	26.0039
5	3964564	-0.0280312	-0.0445207	9.79266	100647	26.0117
6	3964664	-0.0263675	-0.0417473	9.81362	100632	26.0156
9	3964964	-0.0442933	-0.0526854	9.79738	100636	26.0508
10	3965064	-0.0259853	-0.0503407	9.78091	100632	26.0508
11	3965164	-0.0313533	-0.0593525	9.80098	100639	26.0703
12	3965264	-0.0379842	-0.04144	9.79095	100637	26.0703
14	3965464	-0.030608	-0.0583969	9.78949	100643	26.0977
15	3965564	-0.0258432	-0.0441263	9.80043	100631	26.0977
17	3965764	-0.022809	-0.0532042	9.80556	100637	26.0977
19	3965964	-0.0326714	-0.0463309	9.79049	100643	26.1133
21	3966164	-0.0341725	-0.0474891	9.79378	100639	26.1133
22	3966264	-0.0236982	-0.053701	9.79071	100637	26.125
24	3966464	-0.0523556	-0.0532865	9.79519	100641	26.125
26	3966664	-0.0419439	-0.0436213	9.78763	100637	26.1328
27	3966764	-0.0278949	-0.0531917	9.79345	100633	26.1328
29	3966964	-0.011835	-0.0525861	9.79714	100640	26.1367
30	3967064	-0.0333087	-0.0379345	9.78057	100647	26.1406
32	3967264	-0.0372775	-0.0378867	9.79214	100636	26.1367
34	3967464	-0.0302201	-0.0322605	9.78825	100640	26.1484
35	3967564	-0.0318653	-0.0367384	9.79049	100637	26.1523
36	3967664	-0.0406741	-0.0385408	9.78994	100639	26.1523
37	3967764	-0.0291343	-0.0434389	9.7964	100641	26.1602
40	3968064	-0.024596	-0.0433995	9.79056	100642	26.1641
41	3968164	-0.020933	-0.044243	9.80368	100639	26.1602
42	3968264	-0.017756	-0.0420247	9.7755	100643	26.1602
43	3968364	-0.0246597	-0.0510631	9.80175	100638	26.1641
45	3968564	-0.0453631	-0.0446277	9.78563	100634	26.1641
46	3968664	-0.0260582	-0.0621123	9.78954	100639	26.168
48	3968864	-0.0156607	-0.0390209	9.79185	100639	26.168
49	3968964	-0.017137	-0.0418416	9.78351	100639	26.168
52	3969264	-0.0325362	-0.0384975	9.78806	100643	26.1758
53	3969364	-0.0150878	-0.0559002	9.7918	100635	26.1602
54	3969464	-0.0199672	-0.0272565	9.81264	100638	26.1641
56	3969664	-0.0215278	-0.0467565	9.79033	100640	26.1641
59	3969964	-0.0321889	-0.0529673	9.79264	100639	26.168
60	3970064	-0.0256585	-0.0550024	9.7991	100639	26.1758
61	3970164	-0.0404331	-0.032198	9.78255	100642	26.1797
63	3970364	-0.0415082	-0.0401655	9.80043	100633	26.168
64	3970464	-0.0414875	-0.0607239	9.79655	100640	26.1797
66	3970664	-0.0439162	-0.0467715	9.79233	100642	26.1797
67	3970764	-0.0270348	-0.0552024	9.80656	100635	26.1758
68	3970864	-0.0304365	-0.042613	9.79924	100644	26.1797
70	3971064	-0.0275079	-0.0467381	9.78889	100638	26.1797
71	3971164	-0.0545381	-0.0589451	9.79784	100642	26.1797
73	3971364	-0.0176734	-0.0458219	9.79905	100635	26.168
74	3971464	-0.0199459	-0.0607965	9.79481	100635	26.1758
77	3971764	-0.0406604	-0.0438293	9.80072	100643	26.1758
78	3971864	-0.0376515	-0.0451877	9.79414	100638	26.1797
80	3972064	-0.0446021	-0.0371127	9.78267	100640	26.1875
81	3972164	-0.0224529	-0.0411874	9.79874	100640	26.1875
83	3972364	-0.0394653	-0.0488214	9.78498	100634	26.1797
84	3972464	-0.0391114	-0.0396582	9.79071	100636	26.1797
86	3972664	-0.0414499	-0.0600057	9.79931	100640	26.1875
87	3972764	-0.0280985	-0.036297	9.78403	100642	26.1797
88	3972864	-0.0422788	-0.0480287	9.79671	100637	26.1836
91	3973164	-0.032729	-0.0580475	9.80146	100635	26.1758
92	3973264	-0.035215	-0.0389841	9.80253	100643	26.1836
94	3973464	-0.0373223	-0.046833	9.78775	100638	26.1797
96	3973664	-0.0439529	-0.039398	9.79207	100640	26.1875
97	3973764	-0.0237645	-0.0495785	9.79233	100638	26.1875
98	3973864	-0.0221571	-0.0393993	9.79185	100647	26.1914
100	3974064	-0.0261959	-0.0688589	9.78837	100640	26.1875
101	3974164	-0.025477	-0.0359508	9.79595	100645	26.1836
102	3974264	-0.0381983	-0.061892	9.79507	100640	26.1875
105	3974564	-0.035478	-0.0368435	9.78801	100640	26.1875
106	3974664	-0.0406829	-0.0483157	9.81431	100638	26.1875
108	3974864	-0.0292904	-0.067395	9.79202	100639	26.1914
109	3974964	-0.0255098	-0.049018	9.79495	100638	26.1875
110	3975064	-0.0222788	-0.0506931	9.80282	100639	26.1914
111	3975164	-0.0329681	-0.0468838	9.79908	100634	26.1875
113	3975364	-0.023341	-0.041895	9.7981	100641	26.1914
114	3975464	-0.023297	-0.0274825	9.78634	100640	26.1875
116	3975664	-0.0337657	-0.0449148	9.80704	100635	26.1914
117	3975764	-0.0285611	-0.0490754	9.79493	100630	26.1797
121	3976164	-0.0299145	-0.0433113	9.80604	100638	26.1875
122	3976264	-0.0215319	-0.0422592	9.79133	100638	26.1875
123	3976364	-0.0297263	-0.0515149	9.80287	100637	26.1914
124	3976464	-0.0214785	-0.0422774	9.80024	100636	26.1875
125	3976564	-0.029998	-0.0576066	9.80136	100638	26.1953
127	3976764	-0.0405384	-0.0346174	9.80179	100640	26.1875
128	3976864	-0.0442793	-0.0663141	9.80198	100635	26.1914
131	3977164	-0.0372097	-0.05251	9.8069	100646	26.1953
132	3977264	-0.0357671	-0.0382346	9.81681	100640	26.1953
133	3977364	-0.0157367	-0.0437841	9.79578	100640	26.1953
134	3977464	-0.0218498	-0.0429813	9.79159	100638	26.1953
136	3977664	-0.0386397	-0.0440609	9.78982	100634	26.1953
137	3977764	-0.0324202	-0.066816	9.79385	100643	26.2109
139	3977964	-0.0271838	-0.0610941	9.78165	100640	26.1953
140	3978064	-0.0172767	-0.0381514	9.78532	100638	26.1953
142	3978264	-0.0362004	-0.05403	9.79118	100640	26.207
144	3978464	-0.0271282	-0.0488453	9.79674	100644	26.1953
145	3978564	-0.0109729	-0.037397	9.79915	100638	26.1953
148	3978864	-0.0234214	-0.0486501	9.80091	100640	26.207
150	3979064	-0.0446782	-0.0476091	9.78909	100638	26.207
151	3979164	-0.018432	-0.0533931	9.79667	100634	26.207
152	3979264	-0.0196647	-0.0649669	9.80706	100637	26.1914
154	3979464	-0.0247952	-0.0296119	9.79631	100636	26.2148
155	3979564	-0.0312197	-0.0505134	9.79366	100643	26.2031
156	3979664	-0.0273641	-0.0486819	9.80537	100640	26.207
157	3979764	-0.0308715	-0.0428191	9.78408	100636	26.207
160	3980064	-0.0189076	-0.0557101	9.80332	100642	26.207
161	3980164	-0.025923	-0.0491283	9.80272	100640	26.207
164	3980464	-0.0225463	-0.051446	9.80308	100644	26.207
165	3980564	-0.0468517	-0.0360595	9.79967	100640	26.2148
167	3980764	-0.0250291	-0.027243	9.80165	100636	26.207
168	3980864	-0.0278765	-0.0499457	9.8057	100642	26.2148
169	3980964	-0.0254389	-0.0499018	9.80182	100639	26.2188
171	3981164	-0.0248753	-0.0305331	9.8012	100642	26.207
173	3981364	-0.0366561	-0.0246705	9.79662	100630	26.2148
175	3981564	-0.0214242	-0.0439358	9.81352	100640	26.2148
176	3981664	-0.0166891	-0.0608341	9.80134	100639	26.2109
177	3981764	-0.0244543	-0.0612945	9.79958	100639	26.2188
178	3981864	-0.0298079	-0.0717409	9.79247	100638	26.2148
179	3981964	-0.0273586	-0.0348061	9.80163	100638	26.207
181	3982164	-0.0250515	-0.0514536	9.79707	100635	26.2188
182	3982264	-0.010621	-0.0522776	9.80575	100641	26.2188
184	3982464	-0.0228317	-0.0411965	9.78975	100640	26.2148
185	3982564	-0.0219755	-0.0489748	9.80079	100644	26.2227
187	3982764	-0.0381448	-0.0392352	9.80387	100642	26.2148
189	3982964	-0.0167237	-0.0429839	9.81057	100640	26.2227
190	3983064	-0.0250029	-0.0435588	9.796	100637	26.2188
192	3983264	-0.0292065	-0.0385592	9.80515	100633	26.2188
193	3983364	-0.0384665	-0.0458297	9.8115	100646	26.2227
195	3983564	-0.0354145	-0.0482706	9.80668	100633	26.2188
197	3983764	-0.0347832	-0.0317924	9.79333	100639	26.2188
198	3983864	-0.0342912	-0.0415276	9.80253	100635	26.2188
200	3984064	-0.0319156	-0.0631275	9.80179	100642	26.2227
201	3984164	-0.0340118	-0.0355853	9.80766	100648	26.2227
203	3984364	-0.0291924	-0.0427773	9.79173	100640	26.2227
204	3984464	-0.0343105	-0.0539419	9.80833	100639	26.2305
206	3984664	-0.0430971	-0.0411252	9.79526	100638	26.2227
207	3984764	-0.0368785	-0.0479722	9.8063	100643	26.2305
209	3984964	-0.04807	-0.0286115	9.80394	100639	26.2305
211	3985164	-0.0199052	-0.0352718	9.8078	100635	26.2305
214	3985464	-0.0337158	-0.0563745	9.79505	100638	26.2227
215	3985564	-0.0342907	-0.0597966	9.81622	100634	26.2227
216	3985664	-0.0272183	-0.044431	9.79893	100638	26.2344
217	3985764	-0.023758	-0.0388467	9.79717	100640	26.2344
218	3985864	-0.0232678	-0.0418724	9.79891	100642	26.2344
220	3986064	-0.0306044	-0.0355507	9.7909	100646	26.2344
221	3986164	-0.0257431	-0.0482488	9.79745	100638	26.2344
223	3986364	-0.0353724	-0.0562724	9.79898	100642	26.2344
226	3986664	-0.0260489	-0.0466135	9.80556	100645	26.2383
227	3986764	-0.0221116	-0.0376003	9.8068	100644	26.2422
228	3986864	-0.0266749	-0.0413453	9.80844	100637	26.2461
231	3987164	-0.0384674	-0.0380409	9.81007	100631	26.2383
232	3987264	-0.0367798	-0.0420922	9.80821	100643	26.2383
233	3987364	-0.0509663	-0.0253157	9.78296	100635	26.2383
234	3987464	-0.0318592	-0.0331801	9.80082	100646	26.2422
235	3987564	-0.0342049	-0.0432997	9.79683	100644	26.2422
238	3987864	-0.0351605	-0.0466908	9.8057	100638	26.2422
240	3988064	-0.0344908	-0.0467219	9.8124	100644	26.2422
242	3988264	-0.0328397	-0.0671649	9.80926	100636	26.2422
243	3988364	-0.0332212	-0.0512811	9.79862	100642	26.2422
244	3988464	-0.0341613	-0.0475268	9.80501	100636	26.2422
246	3988664	-0.0312382	-0.051073	9.80713	100642	26.2422
247	3988764	-0.0336727	-0.0403765	9.80377	100640	26.2422
249	3988964	-0.0372956	-0.0331101	9.81829	100636	26.2422
251	3989164	-0.0271201	-0.0619165	9.8129	100641	26.2461
252	3989264	-0.0309707	-0.0313975	9.80422	100640	26.2422
253	3989364	-0.0296328	-0.0387082	9.80556	100636	26.2422
254	3989464	-0.0280466	-0.0514245	9.79865	100638	26.2422
256	3989664	-0.0290843	-0.0485818	9.80494	100628	26.2344
259	3989964	-0.0307589	-0.0535518	9.8079	100644	26.25
260	3990064	-0.0288757	-0.049326	9.80251	100635	26.2461
261	3990164	-0.0321941	-0.0371515	9.79714	100637	26.2461
262	3990264	-0.0446566	-0.0415492	9.82151	100636	26.25
263	3990364	-0.027721	-0.0528093	9.80415	100640	26.2422
266	3990664	-0.0489406	-0.0532229	9.81278	100635	26.2461
267	3990764	-0.055996	-0.051205	9.80086	100644	26.2617
268	3990864	-0.0196177	-0.0495822	9.78854	100633	26.2461
271	3991164	-0.025241	-0.0388177	9.81703	100633	26.2461
272	3991264	-0.0328979	-0.0542004	9.79447	100642	26.25
273	3991364	-0.0344277	-0.0412211	9.80914	100642	26.2422
274	3991464	-0.0221251	-0.043495	9.80196	100640	26.25
276	3991664	-0.0173087	-0.0604784	9.80837	100640	26.25
278	3991864	-0.056014	-0.0359773	9.80484	100636	26.25
279	3991964	-0.0331958	-0.0525747	9.81674	100632	26.25
282	3992264	-0.0177243	-0.045867	9.79793	100632	26.2617
283	3992364	-0.0282881	-0.0540833	9.79676	100637	26.2578
285	3992564	-0.0262408	-0.0406678	9.81028	100644	26.2617
286	3992664	-0.027197	-0.0433017	9.78532	100634	26.2617
287	3992764	-0.0282193	-0.050143	9.81276	100642	26.2617
288	3992864	-0.0370316	-0.0375354	9.80661	100629	26.2578
291	3993164	-0.0269178	-0.0505293	9.79271	100632	26.2617
292	3993264	-0.0365001	-0.0422308	9.81257	100642	26.2617
293	3993364	-0.020317	-0.0304501	9.79865	100640	26.2617
296	3993664	-0.047087	-0.0437225	9.8017	100635	26.2578
297	3993764	-0.0255677	-0.0407035	9.81061	100639	26.2656
298	3993864	-0.0326785	-0.0467682	9.80804	100640	26.25
301	3994164	-0.0352986	-0.0495255	9.7975	100642	26.2695
302	3994264	-0.0527686	-0.0541109	9.80687	100642	26.2617
303	3994364	-0.0364352	-0.0613596	9.80527	100632	26.2617
304	3994464	-0.0372188	-0.0394884	9.81369	100641	26.2656
305	3994564	-0.0405303	-0.0496149	9.80957	100642	26.2617
307	3994764	-0.047707	-0.0475759	9.82389	100636	26.2617
308	3994864	-0.0221014	-0.048552	9.79471	100630	26.2617
310	3995064	-0.0353451	-0.045507	9.8078	100635	26.2656
312	3995264	-0.0175531	-0.0347229	9.79772	100638	26.2695
313	3995364	-0.019652	-0.0480641	9.80129	100640	26.2695
315	3995564	-0.0417449	-0.0399894	9.81121	100633	26.2656
316	3995664	-0.041595	-0.0525943	9.80115	100641	26.2773
318	3995864	-0.0304057	-0.0563364	9.80799	100635	26.2734
321	3996164	-0.0182496	-0.0523483	9.81927	100649	26.2773
322	3996264	-0.0321148	-0.0671484	9.80921	100634	26.2695
323	3996364	-0.0321346	-0.0550177	9.79834	100637	26.2656
324	3996464	-0.0321077	-0.0638616	9.80251	100634	26.2695
327	3996764	-0.0441687	-0.0387896	9.79226	100643	26.2734
328	3996864	-0.023403	-0.0448908	9.79557	100637	26.2734
329	3996964	-0.015582	-0.0512325	9.81395	100639	26.2734
330	3997064	-0.0353544	-0.0652643	9.79826	100632	26.2695
332	3997264	-0.054573	-0.0411915	9.80256	100639	26.2773
333	3997364	-0.0334641	-0.0566081	9.80704	100637	26.2773
335	3997564	-0.0323323	-0.039657	9.80537	100637	26.2773
337	3997764	-0.0441116	-0.0382734	9.79776	100639	26.2734
338	3997864	-0.0278751	-0.0454356	9.8007	100645	26.2773
341	3998164	-0.0349249	-0.0304065	9.80031	100641	26.2773
342	3998264	-0.0406304	-0.0410553	9.80268	100645	26.2773
343	3998364	-0.0380382	-0.0316069	9.80022	100642	26.293
344	3998464	-0.0447149	-0.0435066	9.81123	100641	26.2773
346	3998664	-0.0251512	-0.0382029	9.81257	100639	26.2891
347	3998764	-0.0358983	-0.027657	9.81553	100641	26.2773
351	3999164	-0.02937	-0.046097	9.8062	100635	26.2891
352	3999264	-0.0464373	-0.0481524	9.79066	100642	26.293
353	3999364	-0.0360497	-0.0549801	9.79557	100637	26.2773
354	3999464	-0.0405868	-0.0581066	9.7945	100649	26.2891
355	3999564	-0.0132947	-0.0599117	9.79817	100636	26.2852
358	3999864	-0.0458223	-0.0544336	9.80589	100635	26.2773
359	3999964	-0.0175888	-0.049645	9.80651	100645	26.2969
361	4000164	-0.0417304	-0.0623186	9.80842	100643	26.2891
362	4000264	-0.00402419	-0.0507285	9.81159	100640	26.293
363	4000364	-0.0171985	-0.0413838	9.79972	100639	26.2891
365	4000564	0.00223424	-0.0464966	9.80649	100645	26.2969
366	4000664	-0.0292478	-0.0451246	9.81543	100643	26.2969
368	4000864	-0.0522424	-0.0647392	9.80623	100643	26.2891
370	4001064	-0.0273576	-0.0484181	9.79476	100641	26.2969
371	4001164	-0.0275326	-0.0552447	9.80506	100642	26.3008
372	4001264	-0.0466703	-0.0639857	9.81469	100635	26.2969
374	4001464	-0.0214489	-0.0625813	9.82761	100641	26.2969
376	4001664	-0.0286323	-0.0303496	9.79974	100639	26.2969
377	4001764	-0.0317838	-0.0476836	9.80253	100630	26.293
380	4002064	-0.0182321	-0.0506345	9.81245	100633	26.2969
381	4002164	-0.0357612	-0.050574	9.80136	100638	26.3008
382	4002264	-0.0360907	-0.0368443	9.81109	100642	26.3008
383	4002364	-0.0422094	-0.0428205	9.80458	100642	26.3008
385	4002564	-0.0354933	-0.0719648	9.8103	100639	26.3047
386	4002664	-0.0348201	-0.0464352	9.80947	100648	26.3008
388	4002864	-0.0210608	-0.0422976	9.8027	100637	26.3047
389	4002964	-0.0410884	-0.0465446	9.80828	100638	26.3008
393	4003364	-0.0483443	-0.0384654	9.81743	100629	26.2969
394	4003464	-0.0327095	-0.0441949	9.81033	100636	26.3008
396	4003664	-0.0305918	-0.0315344	9.81905	100641	26.3047
397	4003764	-0.0204754	-0.0447294	9.78792	100636	26.3125
399	4003964	-0.0296017	-0.0282929	9.82008	100636	26.3125
400	4004064	-0.0203073	-0.0485693	9.81097	100636	26.3125
401	4004164	-0.043186	-0.0481352	9.80437	100635	26.3047
403	4004364	-0.0177434	-0.0543757	9.79915	100640	26.3125
405	4004564	-0.0369911	-0.0321116	9.80551	100637	26.3047
407	4004764	-0.0249787	-0.0250323	9.78858	100646	26.3125
408	4004864	-0.0120655	-0.04285	9.80165	100649	26.3164
409	4004964	-0.0425183	-0.0594647	9.82034	100641	26.3047
411	4005164	-0.0266621	-0.0456951	9.79717	100642	26.3125
412	4005264	-0.0322309	-0.053502	9.80992	100639	26.3164
414	4005464	-0.0229101	-0.0430511	9.80408	100639	26.3164
415	4005564	-0.0375774	-0.056494	9.81658	100637	26.3047
416	4005664	-0.0179094	-0.0328432	9.80887	100637	26.3164
417	4005764	-0.0265002	-0.0552123	9.81028	100637	26.3164
419	4005964	-0.031241	-0.058593	9.80868	100635	26.3164
420	4006064	-0.0288934	-0.0458359	9.8057	100635	26.3164
422	4006264	-0.0130907	-0.051068	9.81162	100644	26.3203
425	4006564	-0.0277422	-0.034066	9.80735	100643	26.3164
426	4006664	-0.0297491	-0.0569797	9.81619	100641	26.3242
427	4006764	-0.0256591	-0.0581543	9.79857	100639	26.3164
428	4006864	-0.0328901	-0.044776	9.80895	100646	26.3203
430	4007064	-0.0347456	-0.0380554	9.81059	100638	26.3203
431	4007164	-0.0325247	-0.0532098	9.80697	100635	26.3164
433	4007364	-0.029971	-0.0358271	9.8156	100637	26.3164
436	4007664	-0.0540704	-0.043868	9.82223	100637	26.3164
437	4007764	-0.0317386	-0.0495428	9.79705	100638	26.3203
439	4007964	-0.0322373	-0.0424532	9.80771	100635	26.332
440	4008064	-0.0176015	-0.045067	9.79774	100638	26.3281
442	4008264	-0.0339135	-0.0620529	9.80494	100641	26.3242
444	4008464	-0.0335414	-0.0570089	9.80618	100637	26.3242
445	4008564	-0.0309023	-0.0399118	9.8032	100643	26.3242
446	4008664	-0.0306328	-0.0507496	9.80618	100635	26.3242
447	4008764	-0.0308667	-0.0598263	9.80766	100639	26.3242
449	4008964	-0.0221653	-0.034933	9.81243	100636	26.3281
450	4009064	-0.0389191	-0.0362065	9.81791	100644	26.3398
452	4009264	-0.0315469	-0.0416915	9.79788	100632	26.3281
455	4009564	-0.040779	-0.0599207	9.79078	100643	26.3438
456	4009664	-0.0327544	-0.0434665	9.81441	100644	26.3398
457	4009764	-0.0297553	-0.0341814	9.81488	100641	26.3438
460	4010064	-0.0324823	-0.0425333	9.80618	100642	26.3281
461	4010164	-0.031141	-0.0518122	9.80539	100638	26.3281
462	4010264	-0.0390055	-0.0542786	9.80248	100641	26.332
463	4010364	-0.0432854	-0.0396743	9.8089	100646	26.3398
464	4010464	-0.0167215	-0.0354985	9.81028	100638	26.3281
466	4010664	-0.0335208	-0.048153	9.81088	100643	26.3438
467	4010764	-0.0212569	-0.0438185	9.79273	100636	26.3398
471	4011164	-0.0260127	-0.0397998	9.8141	100639	26.332
472	4011264	-0.0206129	-0.0473655	9.79967	100636	26.3477
473	4011364	-0.0573021	-0.0328864	9.80964	100642	26.3398
475	4011564	-0.0190669	-0.0429016	9.80849	100637	26.332
476	4011664	-0.0305718	-0.0411778	9.80194	100635	26.3438
477	4011764	-0.0254945	-0.0389479	9.79273	100637	26.332
480	4012064	-0.037493	-0.0401437	9.81379	100635	26.3438
481	4012164	-0.0475505	-0.0311796	9.80554	100644	26.3477
482	4012264	-0.0244455	-0.0410398	9.7928	100643	26.3516
483	4012364	-0.032048	-0.0509639	9.80256	100640	26.3477
485	4012564	-0.0377353	-0.052189	9.80403	100637	26.3438
486	4012664	-0.0246344	-0.0589979	9.8161	100642	26.3477
488	4012864	-0.0248747	-0.0452744	9.80349	100639	26.3516
491	4013164	-0.0348612	-0.0537411	9.7899	100641	26.3516
492	4013264	-0.023682	-0.0604702	9.80432	100635	26.3516
493	4013364	-0.0312563	-0.062468	9.80022	100637	26.3438
495	4013564	-0.0288495	-0.0491961	9.80899	100647	26.3516
497	4013764	-0.0471031	-0.0365355	9.81545	100640	26.3555
498	4013864	-0.0256819	-0.0429355	9.79955	100635	26.3516
500	4014064	-0.0282621	-0.0516822	9.81858	100643	26.3516
502	4014264	-0.0404902	-0.0487729	9.80194	100639	26.3516
503	4014364	-0.0375774	-0.029462	9.815	100636	26.3477
504	4014464	-0.0364916	-0.0525358	9.80051	100633	26.3516
506	4014664	-0.0237649	-0.0546826	9.82211	100638	26.3555
507	4014764	-0.0264103	-0.057069	9.81612	100637	26.3516
508	4014864	-0.0288851	-0.0251325	9.80234	100641	26.3516
509	4014964	-0.0326811	-0.0463421	9.81226	100638	26.3555
512	4015264	-0.0244509	-0.0323409	9.8038	100639	26.3516
513	4015364	-0.024063	-0.0473137	9.81443	100641	26.3594
515	4015564	-0.0180644	-0.0469916	9.8073	100640	26.3555
516	4015664	-0.0549153	-0.0451976	9.80718	100643	26.3516
518	4015864	-0.0419332	-0.0446551	9.80599	100642	26.3555
520	4016064	-0.0413081	-0.0608139	9.82018	100643	26.3594
521	4016164	-0.0252917	-0.0494008	9.80442	100639	26.3594
522	4016264	-0.0328884	-0.0762463	9.81793	100642	26.3672
523	4016364	-0.025853	-0.0526778	9.81109	100648	26.3672
526	4016664	-0.0387015	-0.0550409	9.8026	100642	26.3555
527	4016764	-0.0269371	-0.0542265	9.81371	100641	26.3594
528	4016864	-0.0250625	-0.0472978	9.79667	100639	26.3516
529	4016964	-0.0396557	-0.0416827	9.82409	100639	26.3594
531	4017164	-0.0364267	-0.0382708	9.81147	100644	26.3672
534	4017464	-0.0394718	-0.0404843	9.80372	100640	26.3672
535	4017564	-0.0188128	-0.0390085	9.81772	100642	26.3672
536	4017664	-0.017309	-0.0328931	9.81708	100646	26.3672
539	4017964	-0.0382659	-0.0578006	9.80048	100642	26.3672
540	4018064	-0.0265416	-0.0613013	9.79939	100637	26.3711
541	4018164	-0.0383697	-0.0487782	9.81085	100644	26.3672
542	4018264	-0.0301187	-0.0666484	9.81176	100637	26.3711
544	4018464	-0.0281445	-0.0440703	9.82294	100631	26.3711
546	4018664	-0.0336098	-0.0551489	9.81061	100645	26.3711
547	4018764	-0.0403573	-0.0594763	9.80418	100639	26.3789
548	4018864	-0.0274244	-0.0509107	9.80685	100639	26.3711
551	4019164	-0.0212378	-0.0433078	9.78656	100641	26.3711
553	4019364	-0.0270926	-0.0518065	9.80749	100645	26.3789
554	4019464	-0.0294137	-0.0381232	9.80811	100639	26.3789
555	4019564	-0.0327647	-0.0311882	9.80873	100637	26.3711
556	4019664	-0.0488598	-0.046612	9.80053	100639	26.3789
559	4019964	-0.0442622	-0.0420489	9.80415	100640	26.375
560	4020064	-0.0255438	-0.0388379	9.80425	100644	26.375
562	4020264	-0.0280943	-0.0489361	9.80451	100641	26.3789
563	4020364	-0.042838	-0.0514236	9.81169	100638	26.3828
565	4020564	-0.0421777	-0.0574799	9.80124	100637	26.3789
567	4020764	-0.0321063	-0.047146	9.81503	100644	26.375
568	4020864	-0.0241252	-0.0484126	9.81717	100641	26.3789
570	4021064	-0.0294317	-0.068555	9.81498	100649	26.3828
571	4021164	-0.0328209	-0.0534332	9.81536	100643	26.3789
572	4021264	-0.0194763	-0.0383018	9.82082	100643	26.3789
573	4021364	-0.027161	-0.0459643	9.81183	100643	26.3789
575	4021564	-0.0411217	-0.0510434	9.81789	100634	26.3828
576	4021664	-0.0439899	-0.0442174	9.80761	100633	26.3711
579	4021964	-0.018121	-0.0620751	9.80289	100636	26.375
580	4022064	-0.0237599	-0.0464875	9.79261	100639	26.3789
581	4022164	-0.0218837	-0.06042	9.81755	100645	26.3828
582	4022264	-0.0258174	-0.0281247	9.81388	100645	26.3828
585	4022564	-0.0183746	-0.0657597	9.80783	100639	26.3789
586	4022664	-0.0326127	-0.055155	9.79769	100635	26.3789
588	4022864	-0.0351309	-0.0396206	9.81562	100640	26.3867
589	4022964	-0.0136839	-0.0424322	9.81483	100632	26.3828
590	4023064	-0.0448707	-0.0387152	9.80976	100630	26.3828
592	4023264	-0.0241228	-0.0421246	9.81052	100643	26.3789
593	4023364	-0.0219461	-0.0669486	9.81901	100644	26.3867
595	4023564	-0.0375749	-0.0326545	9.81128	100642	26.3867
596	4023664	-0.028355	-0.0515007	9.79536	100632	26.3867
599	4023964	-0.0414441	-0.0589377	9.81503	100643	26.4023
601	4024164	-0.036939	-0.0464977	9.80775	100643	26.3789
602	4024264	-0.036264	-0.0346371	9.80859	100642	26.3867
603	4024364	-0.023199	-0.0480895	9.81236	100648	26.3867
604	4024464	-0.0363472	-0.0502301	9.82172	100637	26.3945
607	4024764	-0.0332235	-0.0609706	9.81033	100644	26.3984
609	4024964	-0.0289172	-0.0399942	9.81212	100636	26.3867
610	4025064	-0.0268891	-0.0453243	9.79776	100632	26.3828
612	4025264	-0.0216837	-0.0445318	9.81481	100642	26.3867
613	4025364	-0.0329222	-0.0429997	9.80816	100639	26.3945
614	4025464	-0.0272205	-0.058935	9.81424	100640	26.3984
616	4025664	-0.0200442	-0.0326261	9.81524	100642	26.4062
617	4025764	-0.0188343	-0.0528233	9.82511	100648	26.4062
619	4025964	-0.0175205	-0.0457078	9.80809	100640	26.4062
620	4026064	-0.03658	-0.0494968	9.80384	100636	26.3867
621	4026164	-0.0303616	-0.0356363	9.82456	100648	26.3984
623	4026364	-0.038999	-0.0578569	9.81309	100634	26.3867
624	4026464	-0.0204918	-0.0410887	9.81593	100634	26.3984
626	4026664	-0.0151345	-0.052511	9.81808	100641	26.4023
627	4026764	-0.0196747	-0.0417261	9.81171	100643	26.3945
629	4026964	-0.0267959	-0.0541801	9.80301	100638	26.3984
630	4027064	-0.0386445	-0.0427788	9.82168	100640	26.3984
632	4027264	-0.0227854	-0.0500108	9.7949	100638	26.3984
633	4027364	-0.0234135	-0.0271835	9.81445	100643	26.4023
635	4027564	-0.0418107	-0.0516161	9.80401	100637	26.4023
637	4027764	-0.0270517	-0.0497652	9.81874	100638	26.3984
638	4027864	-0.0380263	-0.0412824	9.79383	100642	26.4062
640	4028064	-0.0428812	-0.0518636	9.80828	100638	26.4062
641	4028164	-0.0315068	-0.0203076	9.81116	100641	26.4102
643	4028364	-0.0271832	-0.0437663	9.81395	100635	26.4102
644	4028464	-0.035305	-0.0436831	9.811	100638	26.4062
646	4028664	-0.0286457	-0.0538504	9.80418	100637	26.4102
647	4028764	-0.0111743	-0.0455906	9.81252	100634	26.3984
650	4029064	-0.0369876	-0.0515809	9.80542	100650	26.4062
651	4029164	-0.0327461	-0.0390841	9.82792	100646	26.4062
652	4029264	-0.0366038	-0.05437	9.80248	100642	26.4141
654	4029464	-0.061482	-0.0650851	9.8125	100636	26.4062
655	4029564	-0.0419094	-0.0476471	9.80826	100640	26.4141
657	4029764	-0.0421447	-0.0365818	9.82759	100638	26.4141
658	4029864	-0.0198349	-0.0651324	9.81326	100638	26.4062
660	4030064	-0.0298638	-0.0486109	9.80914	100638	26.4062
662	4030264	-0.0220038	-0.049303	9.79886	100638	26.4141
664	4030464	-0.0423338	-0.0529893	9.81467	100640	26.4062
665	4030564	-0.0436882	-0.0439158	9.8074	100639	26.4102
667	4030764	-0.0232006	-0.0259466	9.78715	100642	26.4141
669	4030964	-0.0289514	-0.0546871	9.78789	100644	26.4141
671	4031164	-0.0225319	-0.0205169	9.81193	100640	26.4141
672	4031264	-0.0377073	-0.0463008	9.80034	100640	26.4141
673	4031364	-0.0325331	-0.0420389	9.81491	100639	26.4219
674	4031464	-0.0314193	-0.0379861	9.81538	100647	26.4219
675	4031564	-0.0239986	-0.0508194	9.80446	100641	26.4102
677	4031764	-0.029009	-0.0541485	9.81314	100642	26.4141
679	4031964	-0.0498065	-0.0393045	9.81069	100641	26.4219
680	4032064	-0.0246601	-0.0557352	9.80568	100641	26.4219
682	4032264	-0.0377315	-0.0467828	9.81128	100643	26.4219
683	4032364	-0.0463255	-0.0424877	9.8273	100638	26.4258
685	4032564	-0.0267252	-0.0490456	9.79481	100646	26.4141
686	4032664	-0.0182985	-0.0540047	9.80608	100643	26.4219
688	4032864	-0.031638	-0.05614	9.81071	100641	26.4219
689	4032964	-0.0309683	-0.0485722	9.79235	100642	26.4258
691	4033164	-0.0217611	-0.0336948	9.8124	100639	26.4219
693	4033364	-0.0398451	-0.0467823	9.79004	100646	26.4258
694	4033464	-0.0312647	-0.0394508	9.81095	100637	26.4219
696	4033664	-0.0392373	-0.0291412	9.80422	100642	26.4258
697	4033764	-0.0335973	-0.0474696	9.80151	100641	26.4297
699	4033964	-0.0340458	-0.0410183	9.83262	100642	26.4258
700	4034064	-0.0362007	-0.0430059	9.79667	100639	26.4297
702	4034264	-0.0249473	-0.0407394	9.81812	100637	26.4297
703	4034364	-0.0310652	-0.0341256	9.80871	100644	26.4258
705	4034564	-0.038811	-0.0490301	9.79519	100639	26.4297
707	4034764	-0.0321653	-0.0401563	9.80008	100638	26.4258
710	4035064	-0.0314059	-0.0419845	9.80144	100644	26.4336
711	4035164	-0.0276958	-0.0425073	9.80842	100643	26.4297
712	4035264	-0.0291659	-0.0432729	9.81688	100641	26.4297
713	4035364	-0.0347974	-0.0415215	9.8186	100638	26.4258
714	4035464	-0.0520357	-0.0409622	9.80766	100636	26.4336
716	4035664	-0.0256203	-0.0269764	9.8037	100641	26.4297
719	4035964	-0.0481493	-0.0358825	9.80201	100642	26.4336
720	4036064	-0.0342381	-0.0531677	9.82649	100640	26.4336
721	4036164	-0.0213245	-0.0313258	9.81286	100638	26.4414
722	4036264	-0.0276642	-0.0504818	9.81085	100636	26.4336
724	4036464	-0.0410597	-0.0619613	9.81793	100644	26.4258
725	4036564	-0.0212277	-0.0484731	9.80487	100640	26.4336
727	4036764	-0.038549	-0.0429021	9.81371	100639	26.4375
728	4036864	-0.0306282	-0.0471192	9.8098	100640	26.4336
730	4037064	-0.0354367	-0.0395584	9.79736	100640	26.4336
732	4037264	-0.030805	-0.0476474	9.81596	100642	26.4336
733	4037364	-0.0156168	-0.0564688	9.80532	100640	26.4336
735	4037564	-0.0414156	-0.0445118	9.8074	100640	26.4414
736	4037664	-0.0191282	-0.0299411	9.80015	100638	26.4336
738	4037864	-0.0246305	-0.0494322	9.81956	100634	26.4414
739	4037964	-0.0300126	-0.0426799	9.80747	100634	26.4414
741	4038164	-0.0333899	-0.0412815	9.8115	100646	26.4336
742	4038264	-0.0320094	-0.0602992	9.81951	100630	26.4414
744	4038464	-0.0309387	-0.042448	9.80339	100638	26.4414
745	4038564	-0.0272887	-0.0416144	9.82289	100632	26.4336
747	4038764	-0.0376869	-0.0472563	9.80885	100640	26.4414
748	4038864	-0.061262	-0.0385943	9.81781	100643	26.4375
752	4039264	-0.017066	-0.0380756	9.81071	100642	26.4414
753	4039364	-0.0256108	-0.0331643	9.80825	100635	26.4375
755	4039564	-0.0310807	-0.0644751	9.80701	100635	26.4492
756	4039664	-0.0511057	-0.0486803	9.81679	100640	26.4531
758	4039864	-0.0320638	-0.0446569	9.80787	100636	26.4531
759	4039964	-0.0392618	-0.0378111	9.80737	100630	26.4414
761	4040164	-0.040703	-0.0598368	9.81348	100640	26.4531
762	4040264	-0.0368748	-0.040095	9.81486	100638	26.4414
763	4040364	-0.0228308	-0.0449128	9.80387	100634	26.4531
764	4040464	-0.0433575	-0.0532143	9.78785	100642	26.4414
767	4040764	-0.0214077	-0.039584	9.79717	100640	26.4531
768	4040864	-0.0328275	-0.0591306	9.81126	100643	26.4492
769	4040964	-0.0341873	-0.0452594	9.81987	100634	26.4414
772	4041264	-0.0228899	-0.0570034	9.80346	100638	26.4531
773	4041364	-0.0290591	-0.0592655	9.80098	100637	26.457
775	4041564	-0.0388849	-0.0435982	9.80542	100639	26.4492
776	4041664	-0.0253056	-0.062547	9.79912	100645	26.457
777	4041764	-0.020216	-0.021883	9.80356	100638	26.4531
778	4041864	-0.0293741	-0.0412075	9.80127	100637	26.457
780	4042064	-0.0327615	-0.0498704	9.78694	100641	26.457
781	4042164	-0.0247326	-0.0490708	9.79712	100645	26.457
784	4042464	-0.00598885	-0.0555489	9.81193	100644	26.4531
785	4042564	-0.0358082	-0.0340174	9.8125	100650	26.4609
787	4042764	-0.0365662	-0.0468998	9.80036	100637	26.457
788	4042864	-0.014743	-0.0496457	9.79521	100640	26.4609
789	4042964	-0.0408904	-0.0463769	9.81848	100637	26.457
790	4043064	-0.0236659	-0.0440136	9.80372	100635	26.457
792	4043264	-0.0256463	-0.0515325	9.81367	100636	26.4609
793	4043364	-0.0328902	-0.0481345	9.81731	100645	26.457
795	4043564	-0.0427581	-0.0411321	9.8134	100638	26.4609
798	4043864	-0.0340803	-0.0500318	9.79948	100634	26.4609
799	4043964	-0.0293689	-0.0431395	9.80697	100636	26.4609
800	4044064	-0.0416543	-0.0538421	9.8269	100634	26.4609
801	4044164	-0.028068	-0.0567997	9.80337	100638	26.4609
803	4044364	-0.0214062	-0.0396589	9.81436	100636	26.4609
804	4044464	-0.0274921	-0.0550694	9.81717	100642	26.4609
806	4044664	-0.016768	-0.0305543	9.8165	100638	26.4609
809	4044964	-0.0252164	-0.0467363	9.82428	100634	26.4609
810	4045064	-0.044425	-0.0453737	9.7991	100636	26.4609
811	4045164	-0.0402721	-0.038675	9.80475	100641	26.4648
812	4045264	-0.0367757	-0.0544582	9.79941	100637	26.4648
814	4045464	-0.0487763	-0.0493538	9.80854	100647	26.4648
815	4045564	-0.0350133	-0.0662227	9.80079	100636	26.4688
817	4045764	-0.0428304	-0.0609548	9.8001	100632	26.4609
818	4045864	-0.0193236	-0.0304128	9.81061	100636	26.4688
820	4046064	-0.0406867	-0.0352328	9.80074	100640	26.4688
822	4046264	-0.0383995	-0.0632641	9.82189	100635	26.4648
823	4046364	-0.0483245	-0.0516167	9.8053	100639	26.4648
825	4046564	-0.0377414	-0.0507734	9.80361	100637	26.4648
826	4046664	-0.0133992	-0.049301	9.8006	100642	26.4688
829	4046964	-0.0541974	-0.0476289	9.80902	100632	26.4688
830	4047064	-0.0373371	-0.0545723	9.8033	100637	26.4766
831	4047164	-0.0220953	-0.0377778	9.80456	100635	26.4648
832	4047264	-0.0283693	-0.0368214	9.80208	100634	26.4688
836	4047664	-0.0474092	-0.0408695	9.80794	100636	26.4688
837	4047764	-0.0462872	-0.0496107	9.79528	100641	26.4648
838	4047864	-0.0388351	-0.0463083	9.8057	100636	26.4688
839	4047964	-0.0411124	-0.0366548	9.81572	100637	26.4648
841	4048164	-0.0436163	-0.0525476	9.80556	100635	26.4844
842	4048264	-0.0332672	-0.0473991	9.80372	100642	26.4805
843	4048364	-0.0409951	-0.0522463	9.81882	100636	26.4805
845	4048564	-0.0202626	-0.0378482	9.79779	100637	26.4766
846	4048664	-0.0221163	-0.0559378	9.80468	100633	26.4766
848	4048864	-0.0353824	-0.0515086	9.80015	100636	26.4688
851	4049164	-0.0275437	-0.0502245	9.79569	100639	26.4766
852	4049264	-0.0293646	-0.0599907	9.79233	100637	26.4766
853	4049364	-0.0418834	-0.0357234	9.8155	100638	26.4805
855	4049564	-0.0366116	-0.0383327	9.79142	100646	26.4805
856	4049664	-0.0342501	-0.0432259	9.82606	100646	26.4805
857	4049764	-0.047784	-0.0594218	9.82318	100636	26.4805
860	4050064	-0.0221498	-0.0403494	9.80294	100637	26.4844
861	4050164	-0.0261381	-0.0408888	9.80866	100636	26.4805
862	4050264	-0.0417175	-0.0477743	9.8057	100636	26.4805
864	4050464	-0.0405042	-0.0366038	9.80632	100639	26.4844
865	4050564	-0.0189541	-0.0425705	9.79457	100636	26.4805
867	4050764	-0.0169672	-0.0458008	9.81939	100637	26.4922
868	4050864	-0.0332128	-0.0547694	9.81426	100634	26.4805
871	4051164	-0.0242456	-0.0349212	9.80377	100633	26.4766
872	4051264	-0.0250911	-0.0270292	9.81555	100638	26.4805
874	4051464	-0.0298651	-0.0392518	9.83002	100640	26.4883
876	4051664	-0.0286813	-0.0425921	9.81369	100640	26.4883
877	4051764	-0.0289541	-0.054933	9.80587	100638	26.4883
878	4051864	-0.0349507	-0.0450648	9.81097	100635	26.4844
879	4051964	-0.0251068	-0.033013	9.80008	100638	26.4883
880	4052064	-0.0405287	-0.0463831	9.81627	100635	26.4844
882	4052264	-0.0327877	-0.0391473	9.80628	100633	26.4922
885	4052564	-0.0360115	-0.0393101	9.8156	100639	26.4961
886	4052664	-0.0329941	-0.0533977	9.795	100636	26.4883
887	4052764	-0.0449811	-0.0493032	9.79331	100634	26.4883
888	4052864	-0.040116	-0.047242	9.8177	100638	26.4883
892	4053264	-0.025312	-0.0337766	9.80697	100641	26.4961
893	4053364	-0.0302067	-0.0346238	9.80747	100634	26.4883
894	4053464	-0.015502	-0.0544823	9.80511	100646	26.4883
895	4053564	-0.0261599	-0.0583562	9.8048	100641	26.4961
896	4053664	-0.0219209	-0.0423241	9.81245	100647	26.4961
898	4053864	-0.0269084	-0.0347339	9.80442	100645	26.4961
899	4053964	-0.0324345	-0.0503411	9.80685	100631	26.4961
901	4054164	-0.0358634	-0.0625188	9.80053	100642	26.5039
902	4054264	-0.0284079	-0.0402591	9.79571	100637	26.4961
905	4054564	-0.0438546	-0.0587839	9.80699	100632	26.4883
906	4054664	-0.0317003	-0.0566638	9.81021	100643	26.4961
907	4054764	-0.0574251	-0.0361336	9.79276	100636	26.5039
910	4055064	-0.0360459	-0.0481377	9.81486	100637	26.5078
912	4055264	-0.0190225	-0.0393645	9.80523	100642	26.5039
913	4055364	-0.0390614	-0.0539542	9.79502	100637	26.4961
914	4055464	-0.0283217	-0.0454647	9.80275	100635	26.4961
915	4055564	-0.0463656	-0.0556318	9.80761	100629	26.4922
918	4055864	-0.0333877	-0.0578352	9.81328	100633	26.4961
919	4055964	-0.025884	-0.039092	9.8129	100644	26.5117
921	4056164	-0.0198121	-0.035558	9.82339	100635	26.4961
922	4056264	-0.0374566	-0.0528031	9.80077	100642	26.5039
923	4056364	-0.0303343	-0.0453432	9.79977	100634	26.5039
926	4056664	-0.0460908	-0.0313615	9.80506	100638	26.5117
927	4056764	-0.017194	-0.0420214	9.81522	100641	26.5078
929	4056964	-0.0341334	-0.0551654	9.79548	100639	26.5078
930	4057064	-0.0197581	-0.0522282	9.81269	100640	26.5117
931	4057164	-0.0286755	-0.0435031	9.80575	100637	26.5078
933	4057364	-0.0261785	-0.0431076	9.80344	100641	26.5078
934	4057464	-0.0302876	-0.0514367	9.79278	100641	26.5078
935	4057564	-0.0440899	-0.0385615	9.81052	100641	26.5078
938	4057864	-0.029134	-0.0403314	9.78734	100633	26.5078
939	4057964	-0.0288144	-0.0276014	9.80415	100632	26.5117
940	4058064	-0.0371084	-0.0417867	9.82778	100640	26.5039
941	4058164	-0.0263279	-0.0425508	9.812	100641	26.5156
944	4058464	-0.056149	-0.055187	9.80251	100637	26.5078
945	4058564	-0.017431	-0.0461075	9.79445	100637	26.5156
946	4058664	-0.0376969	-0.039678	9.79469	100642	26.5117
949	4058964	-0.0299377	-0.028322	9.79428	100636	26.5117
950	4059064	-0.0315302	-0.0474101	9.79798	100639	26.5156
952	4059264	-0.0361917	-0.0255271	9.81123	100635	26.5078
953	4059364	-0.0244066	-0.0514879	9.82211	100637	26.5156
955	4059564	-0.0185315	-0.0481603	9.80055	100641	26.5156
956	4059664	-0.0425868	-0.0595196	9.80692	100638	26.5117
957	4059764	-0.0052524	-0.0428077	9.79095	100633	26.5156
959	4059964	-0.0311626	-0.0526995	9.80318	100633	26.5156
962	4060264	-0.00859221	-0.0419699	9.80144	100644	26.5117
963	4060364	-0.040405	-0.0574102	9.80372	100641	26.5156
964	4060464	-0.0369068	-0.0359048	9.80399	100641	26.5156
966	4060664	-0.0238002	-0.0446143	9.80492	100637	26.5156
967	4060764	-0.029573	-0.0488568	9.80563	100636	26.5195
969	4060964	-0.0239507	-0.0360046	9.79972	100645	26.5234
970	4061064	-0.0266823	-0.0455176	9.81407	100639	26.5156
971	4061164	-0.0174766	-0.0519678	9.80935	100640	26.5195
972	4061264	-0.0334172	-0.039801	9.80618	100639	26.5156
975	4061564	-0.039918	-0.0281501	9.79154	100636	26.5312
977	4061764	-0.0442132	-0.0525694	9.81653	100637	26.5234
978	4061864	-0.0360661	-0.049322	9.79755	100638	26.5312
980	4062064	-0.0451271	-0.040659	9.80349	100641	26.5234
981	4062164	-0.0368954	-0.0672141	9.80542	100637	26.5234
983	4062364	-0.0452158	-0.038229	9.80518	100637	26.5234
984	4062464	-0.0253237	-0.0466786	9.8037	100633	26.5156
985	4062564	-0.0366673	-0.0534071	9.79705	100637	26.5156
986	4062664	-0.0306482	-0.0511148	9.80251	100636	26.5195
988	4062864	-0.0439261	-0.0441914	9.80101	100639	26.5234
991	4063164	-0.0309745	-0.0350415	9.80337	100627	26.5234
993	4063364	-0.0148849	-0.0341416	9.8119	100633	26.5234
994	4063464	-0.01227	-0.0632698	9.80632	100640	26.5312
