Counter	TimeFine	Acc_X	Acc_Y	Acc_Z	Pressure	Temp
0	2590286	-0.0824752	-0.259135	9.798	100611	24.3555
1	2590386	-0.109559	-0.276498	9.81149	100610	24.3789
2	2590486	-0.0749927	-0.278409	9.80509	100605	24.3828
3	2590586	-0.102919	-0.262313	9.80859	100609	24.4023
4	2590686	-0.101906	-0.258522	9.80764	100603	24.418
5	2590786	-0.0798332	-0.283699	9.81293	100602	24.4219
6	2590886	-0.0800861	-0.283866	9.80127	100599	24.4336
7	2590986	-0.0783847	-0.274568	9.79896	100604	24.4453
10	2591286	-0.0743933	-0.276561	9.80039	100603	24.4766
11	2591386	-0.0826447	-0.273438	9.80721	100604	24.4844
12	2591486	-0.0841588	-0.29171	9.79283	100601	24.4883
13	2591586	-0.0837479	-0.26977	9.79257	100603	24.4961
15	2591786	-0.0904555	-0.280173	9.81417	100605	24.5039
16	2591886	-0.0806212	-0.287332	9.79922	100603	24.5195
18	2592086	-0.0971064	-0.269615	9.79631	100598	24.5234
20	2592286	-0.0913109	-0.283433	9.797	100605	24.5391
21	2592386	-0.0804548	-0.26073	9.81374	100603	24.5469
23	2592586	-0.067159	-0.260759	9.7882	100606	24.543
24	2592686	-0.0808898	-0.279887	9.79181	100610	24.5508
26	2592886	-0.0881864	-0.276553	9.79471	100608	24.5508
27	2592986	-0.0829203	-0.236537	9.7945	100600	24.5586
29	2593186	-0.0779732	-0.27133	9.78892	100596	24.5586
31	2593386	-0.0970878	-0.250499	9.78355	100602	24.5586
32	2593486	-0.094017	-0.278105	9.79414	100605	24.5664
34	2593686	-0.0944647	-0.264134	9.79164	100594	24.5703
35	2593786	-0.097222	-0.283385	9.8031	100606	24.5781
37	2593986	-0.0778106	-0.279272	9.79724	100595	24.582
38	2594086	-0.0971115	-0.278503	9.79514	100600	24.5859
40	2594286	-0.0789035	-0.257669	9.79846	100605	24.5742
41	2594386	-0.0779779	-0.255522	9.78965	100606	24.5977
43	2594586	-0.081963	-0.257479	9.79366	100604	24.5859
45	2594786	-0.0930993	-0.272578	9.79843	100610	24.5977
46	2594886	-0.089581	-0.280277	9.79834	100596	24.5977
48	2595086	-0.0739797	-0.270459	9.7935	100602	24.5977
49	2595186	-0.0759342	-0.258227	9.79555	100611	24.6016
51	2595386	-0.0607655	-0.279651	9.79247	100607	24.6016
52	2595486	-0.0729556	-0.245289	9.80983	100598	24.6055
54	2595686	-0.0814065	-0.288676	9.80248	100608	24.6055
55	2595786	-0.0933304	-0.279696	9.80895	100599	24.6016
57	2595986	-0.0911607	-0.282075	9.78034	100607	24.6133
58	2596086	-0.0922678	-0.257053	9.80568	100604	24.6094
60	2596286	-0.0782959	-0.270423	9.77757	100606	24.6094
62	2596486	-0.0862328	-0.271562	9.79765	100611	24.6016
63	2596586	-0.0912838	-0.269707	9.79051	100600	24.6094
65	2596786	-0.0708673	-0.259197	9.78563	100602	24.6094
66	2596886	-0.096541	-0.27819	9.80699	100603	24.6133
68	2597086	-0.0868661	-0.27974	9.80103	100603	24.6133
69	2597186	-0.0831577	-0.282903	9.7924	100608	24.6211
72	2597486	-0.0757699	-0.264542	9.79869	100601	24.6133
73	2597586	-0.0987061	-0.272731	9.79478	100602	24.6211
74	2597686	-0.0770585	-0.25447	9.79164	100602	24.6211
76	2597886	-0.0962516	-0.288925	9.79302	100604	24.6211
77	2597986	-0.0788782	-0.277405	9.77344	100608	24.6211
79	2598186	-0.0863573	-0.28875	9.80353	100608	24.6289
80	2598286	-0.0786564	-0.261968	9.80394	100605	24.625
82	2598486	-0.0897788	-0.263593	9.79185	100604	24.6289
83	2598586	-0.0864929	-0.276571	9.78498	100600	24.6289
85	2598786	-0.0880602	-0.269432	9.79893	100604	24.6211
86	2598886	-0.0616017	-0.279816	9.80179	100601	24.625
88	2599086	-0.0885747	-0.265113	9.79202	100603	24.6328
90	2599286	-0.0681881	-0.26944	9.80527	100600	24.6289
91	2599386	-0.0799491	-0.286846	9.7893	100604	24.6289
93	2599586	-0.0794102	-0.26395	9.80961	100602	24.6289
94	2599686	-0.107357	-0.267518	9.80022	100598	24.6289
96	2599886	-0.0919396	-0.277406	9.80212	100597	24.6328
98	2600086	-0.0949164	-0.247331	9.7872	100595	24.6328
99	2600186	-0.0906836	-0.284763	9.79507	100606	24.6367
101	2600386	-0.0837378	-0.262017	9.81176	100604	24.6367
102	2600486	-0.102571	-0.256808	9.79288	100610	24.6367
104	2600686	-0.0841338	-0.278454	9.79826	100606	24.6484
105	2600786	-0.0852157	-0.279748	9.80077	100604	24.6484
107	2600986	-0.0809636	-0.271453	9.80212	100610	24.6484
108	2601086	-0.0836008	-0.270328	9.79555	100604	24.6367
110	2601286	-0.0687037	-0.267483	9.79808	100608	24.6562
111	2601386	-0.0598712	-0.282658	9.80268	100606	24.6484
113	2601586	-0.102595	-0.277948	9.79557	100600	24.6484
115	2601786	-0.0969128	-0.271927	9.80074	100606	24.6484
116	2601886	-0.0678321	-0.272355	9.79311	100604	24.6484
118	2602086	-0.0646708	-0.25991	9.79473	100602	24.6484
119	2602186	-0.0820857	-0.282131	9.79529	100600	24.6367
121	2602386	-0.0806907	-0.28177	9.80232	100605	24.6523
122	2602486	-0.0986768	-0.284925	9.81758	100600	24.6562
124	2602686	-0.0899387	-0.29085	9.80401	100612	24.6562
125	2602786	-0.0785013	-0.261844	9.82213	100608	24.6562
127	2602986	-0.0849489	-0.28239	9.80735	100608	24.6562
129	2603186	-0.0760332	-0.270321	9.80773	100606	24.6562
130	2603286	-0.0790387	-0.288049	9.78691	100606	24.6484
132	2603486	-0.0875544	-0.266142	9.79917	100601	24.6523
133	2603586	-0.0884715	-0.279431	9.79712	100604	24.6562
136	2603886	-0.103355	-0.277117	9.78534	100598	24.6562
137	2603986	-0.0948629	-0.285832	9.79159	100608	24.6641
138	2604086	-0.078742	-0.276153	9.80029	100600	24.6562
140	2604286	-0.0849555	-0.277084	9.80553	100592	24.6562
141	2604386	-0.0807973	-0.271123	9.79977	100594	24.6562
143	2604586	-0.0866311	-0.265054	9.80392	100602	24.6562
144	2604686	-0.065839	-0.256181	9.80592	100609	24.668
146	2604886	-0.0811292	-0.258313	9.81267	100609	24.6602
147	2604986	-0.08825	-0.261622	9.79693	100603	24.6602
149	2605186	-0.0775443	-0.284509	9.81588	100602	24.6641
151	2605386	-0.0880464	-0.278567	9.80153	100605	24.6602
152	2605486	-0.100213	-0.285814	9.8005	100603	24.6602
154	2605686	-0.0721554	-0.276184	9.80966	100604	24.6758
155	2605786	-0.082281	-0.250679	9.8084	100607	24.668
157	2605986	-0.0690336	-0.262318	9.79867	100604	24.6641
159	2606186	-0.081311	-0.27118	9.81984	100600	24.6641
160	2606286	-0.0752763	-0.273462	9.81164	100598	24.6641
161	2606386	-0.0847929	-0.286779	9.80563	100597	24.668
163	2606586	-0.0822286	-0.27331	9.80699	100598	24.6758
165	2606786	-0.0724902	-0.281369	9.80087	100600	24.6758
166	2606886	-0.0896375	-0.279377	9.81741	100607	24.6797
168	2607086	-0.0859955	-0.270987	9.79943	100600	24.6758
169	2607186	-0.1037	-0.277044	9.80342	100604	24.6836
171	2607386	-0.0804129	-0.284827	9.80139	100603	24.6797
172	2607486	-0.0697685	-0.260834	9.79264	100598	24.6758
174	2607686	-0.078406	-0.275713	9.80077	100606	24.6836
176	2607886	-0.0920855	-0.269404	9.80918	100601	24.6797
177	2607986	-0.0905395	-0.277637	9.79981	100604	24.6758
179	2608186	-0.0934336	-0.272024	9.81676	100605	24.6797
180	2608286	-0.0811621	-0.276129	9.80039	100602	24.6836
182	2608486	-0.0738775	-0.267577	9.8099	100605	24.6875
183	2608586	-0.100117	-0.260304	9.81283	100598	24.6836
185	2608786	-0.0805639	-0.283291	9.80863	100601	24.6875
186	2608886	-0.0913314	-0.2903	9.8007	100604	24.6914
188	2609086	-0.101626	-0.268328	9.80148	100601	24.6875
190	2609286	-0.0733073	-0.265489	9.79802	100605	24.6953
191	2609386	-0.100595	-0.279005	9.81185	100604	24.6914
193	2609586	-0.0736442	-0.263055	9.80807	100598	24.6914
194	2609686	-0.0715662	-0.266564	9.8104	100602	24.6836
196	2609886	-0.0802681	-0.28533	9.79452	100594	24.6914
198	2610086	-0.0822661	-0.280805	9.81102	100607	24.6953
199	2610186	-0.0784024	-0.263533	9.80341	100596	24.6914
201	2610386	-0.0729079	-0.275818	9.81197	100591	24.6875
202	2610486	-0.0690147	-0.268257	9.81612	100606	24.707
204	2610686	-0.0705303	-0.272728	9.79063	100601	24.7031
205	2610786	-0.0735113	-0.290512	9.80089	100596	24.707
207	2610986	-0.09242	-0.28018	9.80499	100598	24.707
208	2611086	-0.088116	-0.279616	9.79991	100596	24.707
210	2611286	-0.0733023	-0.290512	9.81321	100602	24.707
212	2611486	-0.109044	-0.266083	9.80811	100602	24.707
213	2611586	-0.0852399	-0.268448	9.81452	100600	24.707
215	2611786	-0.0903446	-0.266815	9.78794	100603	24.7109
216	2611886	-0.08733	-0.292267	9.79533	100605	24.7109
218	2612086	-0.0793671	-0.263028	9.79898	100594	24.707
219	2612186	-0.0669974	-0.289022	9.80427	100605	24.7109
221	2612386	-0.0950894	-0.297095	9.80659	100603	24.7188
223	2612586	-0.0785214	-0.254125	9.80456	100600	24.7148
224	2612686	-0.0729146	-0.266084	9.80739	100595	24.7109
226	2612886	-0.0850464	-0.276837	9.81205	100598	24.7148
227	2612986	-0.0709327	-0.267854	9.81379	100603	24.7188
229	2613186	-0.0820019	-0.266914	9.7971	100594	24.7148
230	2613286	-0.0811784	-0.269605	9.81248	100603	24.7109
232	2613486	-0.0973687	-0.28309	9.81066	100603	24.7188
234	2613686	-0.0891876	-0.271735	9.79743	100605	24.7188
235	2613786	-0.0688451	-0.261771	9.80298	100601	24.7188
237	2613986	-0.102011	-0.274077	9.81495	100595	24.7188
240	2614286	-0.0931806	-0.270716	9.81412	100596	24.7227
241	2614386	-0.0966743	-0.281764	9.81887	100600	24.7227
242	2614486	-0.0724354	-0.265303	9.8053	100603	24.7188
243	2614586	-0.0910141	-0.272105	9.80551	100603	24.7305
246	2614886	-0.0828816	-0.276239	9.80835	100603	24.7188
248	2615086	-0.0846692	-0.283367	9.80305	100600	24.7227
249	2615186	-0.0871896	-0.264393	9.81095	100601	24.7305
250	2615286	-0.0817356	-0.278899	9.81834	100601	24.7305
251	2615386	-0.0676233	-0.271269	9.79147	100605	24.7305
252	2615486	-0.0587808	-0.267524	9.80971	100601	24.7305
256	2615886	-0.0877287	-0.253471	9.8104	100599	24.7305
257	2615986	-0.0913334	-0.259882	9.80001	100596	24.7344
258	2616086	-0.0951606	-0.265783	9.80117	100601	24.7383
259	2616186	-0.09494	-0.271243	9.80975	100600	24.7344
260	2616286	-0.0882483	-0.263887	9.8246	100598	24.7344
262	2616486	-0.0785783	-0.277126	9.80113	100605	24.7305
265	2616786	-0.101338	-0.274527	9.80816	100601	24.7383
267	2616986	-0.0893413	-0.265854	9.81424	100603	24.7383
268	2617086	-0.0824839	-0.275639	9.80487	100597	24.7383
270	2617286	-0.081555	-0.255955	9.81328	100600	24.7422
271	2617386	-0.0869977	-0.259771	9.81104	100602	24.7422
272	2617486	-0.0909229	-0.259598	9.80523	100605	24.7461
273	2617586	-0.091563	-0.295019	9.81538	100602	24.7422
274	2617686	-0.071877	-0.27794	9.81371	100600	24.7422
277	2617986	-0.085052	-0.282735	9.81614	100602	24.75
278	2618086	-0.0769437	-0.270461	9.80087	100595	24.7578
281	2618386	-0.0690768	-0.27254	9.80379	100597	24.7461
282	2618486	-0.0957341	-0.273162	9.81326	100599	24.7461
283	2618586	-0.0846463	-0.280876	9.81152	100601	24.7578
284	2618686	-0.0806753	-0.272586	9.8223	100595	24.7578
285	2618786	-0.0809955	-0.279637	9.8022	100599	24.7578
287	2618986	-0.0943605	-0.251974	9.79538	100599	24.7578
288	2619086	-0.0863825	-0.271127	9.81445	100603	24.7578
290	2619286	-0.0871012	-0.288837	9.80735	100607	24.7656
292	2619486	-0.0756906	-0.280098	9.81338	100605	24.7656
293	2619586	-0.0885265	-0.270661	9.80773	100597	24.7656
295	2619786	-0.0829158	-0.273402	9.79969	100605	24.7656
296	2619886	-0.074092	-0.280063	9.80429	100604	24.7617
298	2620086	-0.0811714	-0.272129	9.79748	100606	24.7695
299	2620186	-0.0905132	-0.276599	9.82089	100603	24.7656
301	2620386	-0.0869627	-0.275714	9.81905	100603	24.7656
302	2620486	-0.07582	-0.270891	9.80709	100599	24.7734
304	2620686	-0.100712	-0.271701	9.81162	100602	24.7695
306	2620886	-0.0798991	-0.255057	9.80535	100599	24.7656
307	2620986	-0.0834916	-0.287643	9.81872	100606	24.7773
309	2621186	-0.105132	-0.28852	9.80287	100599	24.7656
310	2621286	-0.100232	-0.272534	9.80821	100600	24.7695
312	2621486	-0.0989602	-0.264429	9.80408	100597	24.7734
313	2621586	-0.0937735	-0.259738	9.81009	100611	24.7734
315	2621786	-0.0733286	-0.262389	9.8115	100603	24.7734
316	2621886	-0.0829694	-0.272874	9.79488	100604	24.7773
319	2622186	-0.0809449	-0.245351	9.7943	100598	24.7695
320	2622286	-0.0851454	-0.261029	9.81498	100603	24.7852
322	2622486	-0.0863844	-0.277255	9.80806	100594	24.7773
323	2622586	-0.063893	-0.268825	9.80332	100599	24.7852
325	2622786	-0.0904455	-0.264807	9.81367	100598	24.7891
326	2622886	-0.0847503	-0.27354	9.80241	100602	24.7773
327	2622986	-0.0731331	-0.268155	9.80568	100606	24.7891
329	2623186	-0.0770786	-0.271335	9.81328	100601	24.7852
330	2623286	-0.0964299	-0.262072	9.82003	100598	24.7891
332	2623486	-0.0982752	-0.27266	9.8094	100597	24.7852
335	2623786	-0.0735039	-0.277839	9.80291	100600	24.7891
336	2623886	-0.068164	-0.272192	9.8073	100601	24.7852
337	2623986	-0.0833047	-0.271333	9.80978	100596	24.7891
338	2624086	-0.0831144	-0.293618	9.81135	100603	24.793
341	2624386	-0.0935148	-0.28466	9.81443	100602	24.7891
342	2624486	-0.0769138	-0.265182	9.80615	100594	24.7891
343	2624586	-0.0719341	-0.255139	9.79309	100597	24.793
344	2624686	-0.0827328	-0.265071	9.80687	100600	24.7891
346	2624886	-0.0721539	-0.272756	9.81243	100595	24.793
347	2624986	-0.0947129	-0.268477	9.8124	100595	24.793
349	2625186	-0.077079	-0.269802	9.80632	100601	24.793
351	2625386	-0.0774791	-0.272726	9.81064	100602	24.8008
352	2625486	-0.074487	-0.295804	9.8032	100602	24.8008
354	2625686	-0.074884	-0.276226	9.8156	100606	24.8008
355	2625786	-0.0708747	-0.258597	9.79917	100597	24.7969
357	2625986	-0.0759033	-0.267765	9.81238	100606	24.8008
358	2626086	-0.0980994	-0.26804	9.79977	100606	24.8008
360	2626286	-0.0747617	-0.274374	9.79846	100602	24.8008
361	2626386	-0.0876051	-0.282633	9.80382	100604	24.8008
363	2626586	-0.0853553	-0.269365	9.81846	100604	24.8008
365	2626786	-0.0870924	-0.290408	9.81593	100599	24.8047
366	2626886	-0.0801992	-0.270855	9.80873	100607	24.8047
368	2627086	-0.0819617	-0.262449	9.80577	100597	24.8047
370	2627286	-0.0733351	-0.262341	9.81243	100597	24.8047
371	2627386	-0.0734635	-0.281717	9.81171	100606	24.8125
373	2627586	-0.093616	-0.277235	9.82032	100608	24.8125
374	2627686	-0.0636737	-0.292122	9.81171	100601	24.8164
376	2627886	-0.0721172	-0.260127	9.79517	100603	24.8164
377	2627986	-0.084344	-0.260987	9.79481	100602	24.8125
379	2628186	-0.0872386	-0.262767	9.79307	100602	24.8203
380	2628286	-0.079526	-0.272656	9.80933	100598	24.8203
382	2628486	-0.0817005	-0.289008	9.80775	100600	24.8203
384	2628686	-0.0762996	-0.258493	9.81243	100603	24.8164
385	2628786	-0.0982805	-0.270015	9.80153	100598	24.8203
387	2628986	-0.091127	-0.267663	9.80571	100606	24.8281
388	2629086	-0.0888724	-0.265432	9.81159	100598	24.8203
391	2629386	-0.084952	-0.279993	9.81987	100606	24.8203
392	2629486	-0.0737662	-0.274946	9.81667	100597	24.8164
393	2629586	-0.0722553	-0.264375	9.80847	100603	24.8242
395	2629786	-0.0896152	-0.263028	9.81209	100602	24.8281
396	2629886	-0.0912383	-0.261409	9.80485	100604	24.8281
399	2630186	-0.0804066	-0.272215	9.80544	100601	24.8242
400	2630286	-0.0740165	-0.272853	9.80608	100603	24.832
401	2630386	-0.0609208	-0.263691	9.81762	100598	24.8203
402	2630486	-0.0701489	-0.290992	9.80375	100602	24.8398
404	2630686	-0.0768994	-0.264535	9.80797	100608	24.8281
406	2630886	-0.0702363	-0.280947	9.83372	100597	24.832
407	2630986	-0.0730356	-0.252169	9.80716	100602	24.8398
409	2631186	-0.096263	-0.260269	9.80699	100602	24.8398
410	2631286	-0.0817954	-0.275027	9.82607	100606	24.8398
412	2631486	-0.0957286	-0.270097	9.78925	100598	24.8398
413	2631586	-0.0725599	-0.264468	9.80549	100604	24.8398
415	2631786	-0.100507	-0.27375	9.82259	100603	24.8438
416	2631886	-0.0800233	-0.259672	9.79559	100598	24.8281
418	2632086	-0.072016	-0.276159	9.81534	100598	24.8398
420	2632286	-0.0773496	-0.278271	9.81233	100598	24.8398
421	2632386	-0.0693398	-0.276889	9.80151	100602	24.8398
423	2632586	-0.0853083	-0.274645	9.81409	100603	24.8438
424	2632686	-0.0919289	-0.252575	9.81555	100599	24.8516
426	2632886	-0.0977926	-0.282904	9.80749	100605	24.8438
427	2632986	-0.0704083	-0.274404	9.81455	100605	24.8516
429	2633186	-0.0860901	-0.27356	9.80604	100600	24.8477
431	2633386	-0.0742723	-0.261527	9.81109	100601	24.8516
432	2633486	-0.0833529	-0.27552	9.79571	100600	24.8555
434	2633686	-0.0652827	-0.274107	9.81331	100606	24.8555
435	2633786	-0.0700629	-0.2797	9.80756	100600	24.8555
437	2633986	-0.0872692	-0.279381	9.81166	100604	24.8555
438	2634086	-0.0799593	-0.267995	9.80544	100602	24.8555
440	2634286	-0.0919798	-0.267165	9.80387	100598	24.8555
441	2634386	-0.078508	-0.27563	9.80959	100600	24.8477
443	2634586	-0.0769501	-0.271246	9.80189	100602	24.8555
444	2634686	-0.076415	-0.271623	9.80809	100598	24.8555
446	2634886	-0.0810949	-0.273181	9.80384	100604	24.8555
448	2635086	-0.0939768	-0.286656	9.81154	100603	24.8594
449	2635186	-0.0740108	-0.272777	9.81257	100605	24.8594
451	2635386	-0.098019	-0.263417	9.81112	100604	24.8672
452	2635486	-0.0939666	-0.265772	9.80937	100600	24.8672
454	2635686	-0.0867927	-0.246569	9.82575	100602	24.8555
455	2635786	-0.0857581	-0.279388	9.80925	100604	24.8672
457	2635986	-0.0781613	-0.277347	9.83219	100599	24.8594
458	2636086	-0.0834916	-0.287324	9.80143	100605	24.8711
460	2636286	-0.0760902	-0.27008	9.81388	100602	24.8672
462	2636486	-0.0724232	-0.29563	9.80678	100600	24.8672
465	2636786	-0.0789086	-0.28598	9.81097	100599	24.8711
466	2636886	-0.0948478	-0.275946	9.81355	100605	24.8711
467	2636986	-0.0817225	-0.267275	9.80227	100601	24.8711
468	2637086	-0.0906917	-0.263614	9.82277	100602	24.875
469	2637186	-0.0888411	-0.270287	9.80797	100601	24.8789
471	2637386	-0.0934872	-0.262076	9.80887	100605	24.8711
473	2637586	-0.0767299	-0.281583	9.81581	100602	24.875
474	2637686	-0.0884015	-0.26514	9.79993	100601	24.8789
476	2637886	-0.0887065	-0.26707	9.8093	100608	24.8828
477	2637986	-0.0832146	-0.272314	9.80132	100604	24.8828
479	2638186	-0.0813998	-0.279273	9.81701	100608	24.8828
480	2638286	-0.0820897	-0.279425	9.80623	100596	24.875
482	2638486	-0.0885103	-0.276999	9.8155	100613	24.8828
483	2638586	-0.0833435	-0.256456	9.81331	100604	24.8828
485	2638786	-0.0866392	-0.264211	9.80911	100606	24.8828
487	2638986	-0.104684	-0.282684	9.80721	100602	24.8828
488	2639086	-0.0709251	-0.276417	9.81517	100604	24.8867
490	2639286	-0.0931989	-0.270916	9.79579	100602	24.8867
491	2639386	-0.0914819	-0.256458	9.81302	100603	24.8945
493	2639586	-0.083759	-0.254034	9.80361	100603	24.8945
494	2639686	-0.0763769	-0.267831	9.80904	100606	24.8867
496	2639886	-0.0728372	-0.263363	9.80413	100605	24.8945
498	2640086	-0.0838993	-0.277548	9.80046	100603	24.8945
499	2640186	-0.0873012	-0.283375	9.80346	100605	24.8945
501	2640386	-0.0936135	-0.289187	9.8109	100606	24.8867
502	2640486	-0.0792207	-0.272149	9.82878	100606	24.8867
504	2640686	-0.077602	-0.265129	9.81581	100597	24.8945
505	2640786	-0.0675941	-0.275092	9.81791	100602	24.8984
507	2640986	-0.0892772	-0.2767	9.80232	100599	24.8945
508	2641086	-0.0896588	-0.270872	9.82096	100598	24.8984
510	2641286	-0.0837703	-0.269062	9.79836	100605	24.8945
512	2641486	-0.0953373	-0.268187	9.81403	100601	24.8945
513	2641586	-0.0793558	-0.273579	9.80835	100598	24.8984
515	2641786	-0.0836183	-0.26767	9.81691	100602	24.8984
516	2641886	-0.100353	-0.269354	9.80296	100601	24.9023
518	2642086	-0.0831775	-0.283619	9.80661	100600	24.9062
519	2642186	-0.088636	-0.281147	9.81359	100603	24.9023
521	2642386	-0.0794045	-0.284339	9.8129	100605	24.9023
522	2642486	-0.0797826	-0.258345	9.80396	100607	24.9102
524	2642686	-0.0891465	-0.281151	9.80141	100598	24.9062
526	2642886	-0.0812229	-0.291497	9.82299	100597	24.9023
527	2642986	-0.0833828	-0.285138	9.80408	100603	24.9023
529	2643186	-0.0828802	-0.268528	9.79977	100607	24.9219
530	2643286	-0.0606744	-0.258223	9.8031	100603	24.9102
532	2643486	-0.078125	-0.261793	9.82716	100603	24.9102
535	2643786	-0.0963257	-0.282835	9.81269	100602	24.9062
536	2643886	-0.0796818	-0.282745	9.80909	100609	24.9102
537	2643986	-0.0860079	-0.258998	9.82785	100603	24.9219
538	2644086	-0.0781885	-0.261126	9.81236	100601	24.9102
540	2644286	-0.0683221	-0.281383	9.79407	100603	24.9102
541	2644386	-0.103799	-0.258153	9.81815	100607	24.9219
544	2644686	-0.0793336	-0.286135	9.8166	100598	24.9141
545	2644786	-0.0853752	-0.278372	9.80554	100599	24.9219
546	2644886	-0.0898704	-0.281521	9.80196	100601	24.9219
548	2645086	-0.0894583	-0.275552	9.81901	100601	24.9219
549	2645186	-0.0755937	-0.273837	9.81074	100601	24.9219
551	2645386	-0.0810616	-0.281128	9.80084	100604	24.9258
552	2645486	-0.089887	-0.274252	9.82385	100595	24.9219
554	2645686	-0.0822379	-0.295202	9.80657	100603	24.9219
555	2645786	-0.0765338	-0.267297	9.82108	100599	24.9219
557	2645986	-0.0798139	-0.273289	9.81374	100605	24.9297
558	2646086	-0.0795504	-0.272135	9.80792	100603	24.9297
560	2646286	-0.100016	-0.287266	9.81655	100602	24.9258
561	2646386	-0.099583	-0.283379	9.81376	100603	24.9219
563	2646586	-0.0703975	-0.293318	9.80079	100601	24.9297
566	2646886	-0.0922623	-0.275163	9.82549	100601	24.9297
567	2646986	-0.0958465	-0.278672	9.80558	100597	24.9297
568	2647086	-0.0853709	-0.27395	9.80725	100598	24.9258
569	2647186	-0.0912547	-0.259012	9.81507	100599	24.9297
570	2647286	-0.0816789	-0.276853	9.80832	100601	24.9297
572	2647486	-0.0839985	-0.248149	9.81658	100600	24.9336
575	2647786	-0.0782396	-0.273202	9.80258	100599	24.9297
576	2647886	-0.0876598	-0.264034	9.81517	100599	24.9297
577	2647986	-0.0825717	-0.26509	9.8149	100601	24.9375
578	2648086	-0.0721611	-0.256424	9.81998	100602	24.9336
580	2648286	-0.0974408	-0.272828	9.82494	100601	24.9375
581	2648386	-0.072007	-0.27145	9.80134	100603	24.9375
583	2648586	-0.0852637	-0.266351	9.81111	100603	24.9375
585	2648786	-0.0896689	-0.254858	9.81338	100600	24.9336
586	2648886	-0.0872385	-0.277287	9.81355	100596	24.9414
589	2649186	-0.110612	-0.273981	9.80904	100595	24.9492
590	2649286	-0.0610134	-0.269107	9.82232	100601	24.9375
592	2649486	-0.0795031	-0.277579	9.80001	100603	24.9492
593	2649586	-0.0846339	-0.252029	9.80392	100604	24.9414
594	2649686	-0.0852294	-0.269505	9.81703	100605	24.9375
595	2649786	-0.0755311	-0.267698	9.78768	100600	24.9414
597	2649986	-0.0823933	-0.272903	9.80089	100602	24.9414
599	2650186	-0.0885953	-0.26765	9.81405	100601	24.9492
600	2650286	-0.09119	-0.253857	9.81445	100605	24.9492
603	2650586	-0.0884195	-0.276375	9.80721	100607	24.9492
604	2650686	-0.0869055	-0.262778	9.81514	100596	24.9414
606	2650886	-0.0911326	-0.266961	9.81033	100604	24.9531
607	2650986	-0.0918198	-0.261767	9.8001	100603	24.9492
608	2651086	-0.0888083	-0.268941	9.80756	100597	24.957
611	2651386	-0.0750052	-0.282545	9.81412	100607	24.957
612	2651486	-0.0787817	-0.283941	9.80663	100605	24.957
613	2651586	-0.0889426	-0.265659	9.80823	100603	24.957
615	2651786	-0.089504	-0.271791	9.81865	100595	24.9492
617	2651986	-0.0911024	-0.268547	9.80842	100597	24.957
619	2652186	-0.0820524	-0.261663	9.81836	100604	24.9609
621	2652386	-0.0863239	-0.256587	9.81197	100605	24.9648
622	2652486	-0.0889307	-0.286338	9.80427	100605	24.9648
623	2652586	-0.0952043	-0.269568	9.81558	100602	24.9609
625	2652786	-0.0787187	-0.2738	9.8052	100603	24.9648
626	2652886	-0.0855155	-0.278706	9.79669	100602	24.9609
628	2653086	-0.0813592	-0.284228	9.81193	100605	24.9648
629	2653186	-0.0669404	-0.286201	9.80706	100603	24.9648
630	2653286	-0.0942575	-0.283536	9.80418	100599	24.957
631	2653386	-0.0879207	-0.282733	9.80356	100601	24.9648
633	2653586	-0.0924619	-0.270942	9.8031	100593	24.9648
635	2653786	-0.0854619	-0.27708	9.82323	100605	24.9766
636	2653886	-0.0851122	-0.269268	9.80311	100594	24.9609
639	2654186	-0.0924478	-0.287077	9.82211	100604	24.9727
640	2654286	-0.0809707	-0.256237	9.80716	100601	24.9648
641	2654386	-0.0783283	-0.261369	9.81908	100605	24.9805
642	2654486	-0.0763846	-0.289468	9.81932	100608	24.9844
644	2654686	-0.0793982	-0.267541	9.81014	100602	24.9727
646	2654886	-0.0884778	-0.267362	9.8146	100594	24.9727
647	2654986	-0.0895177	-0.276148	9.81317	100601	24.9766
649	2655186	-0.0815611	-0.264925	9.81236	100597	24.9766
650	2655286	-0.100636	-0.268343	9.82368	100603	24.9805
653	2655586	-0.100098	-0.276739	9.81128	100600	24.9844
655	2655786	-0.0768985	-0.27438	9.80101	100606	24.9844
656	2655886	-0.0873913	-0.274685	9.81159	100591	24.9766
657	2655986	-0.0832743	-0.265815	9.81596	100600	24.9805
658	2656086	-0.0800636	-0.280534	9.81216	100604	24.9844
661	2656386	-0.0886121	-0.271242	9.81016	100602	24.9844
663	2656586	-0.0604902	-0.265424	9.8135	100604	24.9922
664	2656686	-0.0865474	-0.268387	9.81536	100600	24.9844
665	2656786	-0.0768272	-0.27068	9.80709	100609	24.9805
666	2656886	-0.0762758	-0.274044	9.80005	100604	24.9844
669	2657186	-0.100283	-0.279842	9.81803	100599	24.9883
670	2657286	-0.0870106	-0.27445	9.80809	100604	24.9844
672	2657486	-0.0920455	-0.266165	9.80153	100598	24.9844
673	2657586	-0.0987106	-0.268263	9.81231	100596	24.9844
674	2657686	-0.0733736	-0.251045	9.81853	100604	24.9844
675	2657786	-0.0807045	-0.251735	9.81178	100608	24.9922
677	2657986	-0.0825236	-0.271857	9.80678	100602	24.9922
680	2658286	-0.0972494	-0.274316	9.80733	100602	24.9922
681	2658386	-0.0764212	-0.25862	9.8223	100604	24.9922
682	2658486	-0.0848771	-0.250782	9.81016	100600	25.0039
683	2658586	-0.0818279	-0.282456	9.81829	100605	25
685	2658786	-0.0764675	-0.257403	9.81217	100595	25
686	2658886	-0.0942972	-0.269377	9.80425	100602	24.9922
688	2659086	-0.0792765	-0.279629	9.81881	100603	25
689	2659186	-0.0937116	-0.272952	9.80809	100604	25.0039
691	2659386	-0.0882001	-0.279697	9.80656	100602	24.9922
692	2659486	-0.0919746	-0.26633	9.80976	100600	24.9922
695	2659786	-0.0814906	-0.281442	9.80353	100604	25.0039
696	2659886	-0.094053	-0.273914	9.81958	100599	25.0078
699	2660186	-0.0882114	-0.282678	9.82914	100596	25.0039
700	2660286	-0.0816674	-0.27316	9.81917	100600	25.0039
702	2660486	-0.0869798	-0.273832	9.80914	100606	25.0117
703	2660586	-0.077948	-0.265099	9.80337	100595	25
704	2660686	-0.0861001	-0.277899	9.80592	100600	25.0117
706	2660886	-0.0774155	-0.261469	9.79938	100596	25.0039
707	2660986	-0.100636	-0.271096	9.81655	100598	25.0117
708	2661086	-0.0869169	-0.283566	9.80141	100604	25.0117
709	2661186	-0.090699	-0.264031	9.81646	100600	25.0039
711	2661386	-0.0867981	-0.278858	9.81331	100598	25.0117
714	2661686	-0.0924671	-0.268379	9.80067	100602	25.0117
716	2661886	-0.0876209	-0.27089	9.81452	100602	25.0195
717	2661986	-0.0945043	-0.254743	9.80742	100600	25.0039
719	2662186	-0.0911709	-0.271678	9.812	100598	25.0117
721	2662386	-0.0732019	-0.26017	9.81081	100610	25.0117
722	2662486	-0.07993	-0.270677	9.80983	100598	25.0117
723	2662586	-0.0706968	-0.262769	9.79805	100604	25.0195
725	2662786	-0.0734401	-0.266609	9.80875	100598	25.0195
727	2662986	-0.0954202	-0.278453	9.81634	100600	25.0195
728	2663086	-0.0809117	-0.262986	9.80813	100601	25.0156
730	2663286	-0.0892292	-0.278037	9.82492	100600	25.0195
731	2663386	-0.0803757	-0.270772	9.79729	100604	25.0195
733	2663586	-0.0948345	-0.274846	9.8109	100604	25.0195
734	2663686	-0.0823023	-0.259536	9.79755	100604	25.0195
736	2663886	-0.0957623	-0.279915	9.81841	100607	25.0273
737	2663986	-0.0831089	-0.27447	9.79874	100601	25.0156
738	2664086	-0.0723816	-0.262387	9.81221	100600	25.0195
741	2664386	-0.0819981	-0.257863	9.80964	100596	25.0195
742	2664486	-0.0901339	-0.280642	9.80909	100602	25.0195
744	2664686	-0.0985487	-0.272633	9.79876	100610	25.0312
745	2664786	-0.0782494	-0.281725	9.80415	100602	25.0312
747	2664986	-0.091614	-0.281648	9.82404	100598	25.0312
748	2665086	-0.0884068	-0.25196	9.82161	100606	25.0312
749	2665186	-0.0761257	-0.276871	9.81522	100600	25.0312
751	2665386	-0.092724	-0.279355	9.81457	100594	25.0195
752	2665486	-0.0845046	-0.278898	9.80966	100600	25.0312
753	2665586	-0.0949547	-0.280613	9.81608	100603	25.0273
756	2665886	-0.0905722	-0.280652	9.80956	100598	25.0312
757	2665986	-0.0596241	-0.25874	9.80334	100603	25.043
758	2666086	-0.0824212	-0.280062	9.80046	100596	25.0312
759	2666186	-0.0862755	-0.264725	9.81054	100600	25.0312
761	2666386	-0.0941007	-0.25647	9.82697	100608	25.0391
764	2666686	-0.0884966	-0.265378	9.81298	100596	25.0391
765	2666786	-0.0981936	-0.270309	9.81081	100597	25.043
766	2666886	-0.0575596	-0.270534	9.80456	100604	25.0391
767	2666986	-0.0900212	-0.262889	9.81359	100602	25.0391
768	2667086	-0.0985391	-0.270136	9.80201	100604	25.0391
770	2667286	-0.0726505	-0.273628	9.81243	100603	25.043
773	2667586	-0.0822176	-0.272529	9.81793	100600	25.0469
774	2667686	-0.0775589	-0.258039	9.80918	100603	25.043
776	2667886	-0.0778873	-0.267811	9.81465	100609	25.043
777	2667986	-0.0956647	-0.279572	9.80365	100603	25.043
779	2668186	-0.0866897	-0.264553	9.80596	100598	25.0469
781	2668386	-0.0710456	-0.265941	9.80439	100598	25.0391
783	2668586	-0.078338	-0.273166	9.81598	100606	25.0469
784	2668686	-0.0757475	-0.276578	9.80608	100604	25.0469
786	2668886	-0.0847523	-0.276115	9.80916	100601	25.043
787	2668986	-0.093279	-0.277231	9.80611	100604	25.0469
788	2669086	-0.0658833	-0.250524	9.80172	100598	25.0469
789	2669186	-0.0870315	-0.264577	9.79554	100601	25.0547
792	2669486	-0.0836893	-0.267727	9.8069	100598	25.0586
794	2669686	-0.0779193	-0.271675	9.81713	100600	25.0469
795	2669786	-0.0829965	-0.272503	9.81555	100592	25.0586
797	2669986	-0.0746725	-0.27777	9.81944	100600	25.0586
798	2670086	-0.0841675	-0.285203	9.81743	100600	25.0664
799	2670186	-0.0779502	-0.249511	9.8119	100598	25.0586
801	2670386	-0.097678	-0.267791	9.81247	100606	25.0664
802	2670486	-0.0756296	-0.283395	9.8073	100600	25.0586
803	2670586	-0.0862762	-0.261006	9.81457	100596	25.0664
805	2670786	-0.0776178	-0.273187	9.80368	100601	25.0625
808	2671086	-0.0945739	-0.275313	9.81317	100598	25.0664
809	2671186	-0.0995648	-0.264536	9.83193	100606	25.0664
810	2671286	-0.0896794	-0.287855	9.80449	100602	25.0664
811	2671386	-0.0732046	-0.274319	9.80153	100604	25.0664
812	2671486	-0.0745158	-0.258799	9.80427	100596	25.0664
814	2671686	-0.0818465	-0.275707	9.79977	100600	25.0664
815	2671786	-0.099009	-0.282856	9.81591	100601	25.0625
817	2671986	-0.0686419	-0.275804	9.8017	100603	25.0703
820	2672286	-0.0864712	-0.243688	9.81574	100597	25.0703
821	2672386	-0.0767978	-0.270683	9.80306	100604	25.0742
823	2672586	-0.0837219	-0.262011	9.81083	100601	25.0703
824	2672686	-0.080705	-0.280954	9.79743	100607	25.0742
825	2672786	-0.0720046	-0.267927	9.81002	100604	25.0742
826	2672886	-0.0811097	-0.254723	9.81598	100600	25.0664
828	2673086	-0.0834062	-0.281728	9.81372	100598	25.082
830	2673286	-0.0770987	-0.280031	9.80763	100598	25.0742
832	2673486	-0.092563	-0.256383	9.81433	100602	25.0742
833	2673586	-0.101352	-0.271969	9.80806	100600	25.0742
834	2673686	-0.0885516	-0.27446	9.81052	100605	25.0859
836	2673886	-0.0787506	-0.273511	9.82096	100604	25.082
837	2673986	-0.0696239	-0.277622	9.8145	100606	25.082
839	2674186	-0.0904596	-0.27147	9.80861	100602	25.0742
842	2674486	-0.0885798	-0.267517	9.8001	100598	25.082
843	2674586	-0.0853998	-0.280191	9.82089	100595	25.0859
844	2674686	-0.0964363	-0.256472	9.80277	100604	25.0742
845	2674786	-0.0734874	-0.26505	9.80847	100600	25.0742
848	2675086	-0.0842174	-0.258157	9.7955	100600	25.082
849	2675186	-0.0929785	-0.275936	9.81071	100609	25.0859
850	2675286	-0.0846802	-0.268092	9.81112	100602	25.0898
851	2675386	-0.0819889	-0.275582	9.80029	100603	25.0859
853	2675586	-0.073727	-0.266062	9.81682	100597	25.0859
854	2675686	-0.101725	-0.271091	9.80585	100600	25.082
856	2675886	-0.104166	-0.286481	9.80749	100603	25.0938
857	2675986	-0.0899818	-0.270733	9.80856	100597	25.0938
859	2676186	-0.0941933	-0.271944	9.80303	100604	25.0977
861	2676386	-0.0669447	-0.282195	9.80336	100602	25.0977
862	2676486	-0.0855682	-0.267589	9.80628	100605	25.0938
865	2676786	-0.0903401	-0.283017	9.80799	100605	25.0938
866	2676886	-0.0606135	-0.274854	9.81372	100601	25.0859
867	2676986	-0.0685713	-0.281225	9.80554	100601	25.0938
870	2677286	-0.0863231	-0.279733	9.799	100603	25.0938
871	2677386	-0.077327	-0.267559	9.80515	100605	25.0938
873	2677586	-0.0839805	-0.275756	9.80861	100602	25.0977
875	2677786	-0.0805568	-0.254699	9.8186	100599	25.0938
876	2677886	-0.0847057	-0.27323	9.80091	100609	25.1016
877	2677986	-0.0935645	-0.249809	9.79221	100607	25.1016
878	2678086	-0.0874318	-0.273802	9.80723	100602	25.0977
880	2678286	-0.0817065	-0.293346	9.80108	100604	25.0977
881	2678386	-0.0828325	-0.275007	9.80337	100594	25.1094
884	2678686	-0.0880127	-0.272636	9.80761	100604	25.1094
886	2678886	-0.0761784	-0.272107	9.82127	100602	25.0977
887	2678986	-0.0850305	-0.26871	9.80906	100608	25.0977
888	2679086	-0.097607	-0.274426	9.80804	100601	25.1016
889	2679186	-0.0876008	-0.27859	9.815	100601	25.1016
890	2679286	-0.0913144	-0.272412	9.82494	100605	25.1133
892	2679486	-0.0982085	-0.28283	9.80692	100602	25.1094
893	2679586	-0.0704283	-0.275934	9.80923	100603	25.1133
895	2679786	-0.0881145	-0.270514	9.80151	100601	25.1133
896	2679886	-0.0739645	-0.27556	9.81965	100599	25.1133
898	2680086	-0.0971204	-0.279072	9.79929	100607	25.1133
900	2680286	-0.092242	-0.278372	9.80807	100610	25.1172
901	2680386	-0.0932932	-0.260882	9.80556	100599	25.1133
903	2680586	-0.0836151	-0.268652	9.80487	100599	25.1133
904	2680686	-0.0908863	-0.285868	9.7992	100605	25.1133
906	2680886	-0.0747754	-0.268373	9.81953	100598	25.1094
907	2680986	-0.0973129	-0.276774	9.82025	100603	25.1133
909	2681186	-0.0914454	-0.288116	9.81953	100601	25.1289
910	2681286	-0.0741621	-0.274761	9.80075	100612	25.1172
913	2681586	-0.0875179	-0.267446	9.79984	100605	25.1133
915	2681786	-0.0852262	-0.263646	9.81257	100604	25.125
916	2681886	-0.0601563	-0.271545	9.79459	100599	25.1211
917	2681986	-0.09153	-0.268338	9.81684	100598	25.1172
918	2682086	-0.0853205	-0.267397	9.80108	100597	25.1211
920	2682286	-0.0685802	-0.276533	9.81474	100605	25.1211
922	2682486	-0.0818098	-0.280377	9.8038	100598	25.125
923	2682586	-0.0836483	-0.26271	9.82165	100600	25.125
925	2682786	-0.0954435	-0.249902	9.80179	100598	25.125
926	2682886	-0.0870186	-0.272412	9.80134	100605	25.1289
928	2683086	-0.0756095	-0.280871	9.79839	100601	25.1289
929	2683186	-0.103567	-0.256965	9.8068	100601	25.1289
931	2683386	-0.0872973	-0.266484	9.80091	100604	25.125
933	2683586	-0.0676424	-0.26638	9.81212	100605	25.1289
934	2683686	-0.0680775	-0.273714	9.79967	100601	25.1289
936	2683886	-0.0843453	-0.279189	9.80072	100605	25.1289
937	2683986	-0.0903487	-0.270091	9.81855	100608	25.1367
939	2684186	-0.0782181	-0.282327	9.82024	100607	25.1406
941	2684386	-0.0832713	-0.271485	9.80361	100596	25.125
942	2684486	-0.0860524	-0.266823	9.79521	100605	25.1406
944	2684686	-0.0851813	-0.268937	9.81359	100603	25.1406
945	2684786	-0.0874715	-0.278941	9.80795	100600	25.1367
948	2685086	-0.0743288	-0.273964	9.81414	100603	25.1289
949	2685186	-0.093961	-0.259557	9.8079	100603	25.1406
950	2685286	-0.0651082	-0.280883	9.80408	100609	25.1406
951	2685386	-0.0730167	-0.283131	9.81526	100607	25.1289
953	2685586	-0.11088	-0.263528	9.81374	100605	25.1406
954	2685686	-0.0678453	-0.256511	9.80995	100604	25.1445
956	2685886	-0.0671877	-0.268606	9.8155	100604	25.1445
959	2686186	-0.0931483	-0.273572	9.8033	100602	25.1367
960	2686286	-0.0879482	-0.281525	9.79559	100603	25.1406
961	2686386	-0.0893297	-0.270796	9.81221	100599	25.1406
962	2686486	-0.0640639	-0.275935	9.80997	100603	25.1484
965	2686786	-0.0707287	-0.281165	9.79147	100605	25.1406
967	2686986	-0.073533	-0.28272	9.81233	100603	25.1484
968	2687086	-0.0867782	-0.278735	9.80604	100605	25.1484
969	2687186	-0.083773	-0.279392	9.80301	100605	25.1484
970	2687286	-0.0761572	-0.269407	9.80279	100605	25.1484
972	2687486	-0.0732414	-0.272314	9.7909	100608	25.1523
975	2687786	-0.0812444	-0.269061	9.81629	100605	25.1484
976	2687886	-0.0990682	-0.278118	9.80478	100601	25.1484
978	2688086	-0.0943383	-0.260368	9.79622	100602	25.1523
979	2688186	-0.0852635	-0.27556	9.79812	100601	25.1484
981	2688386	-0.0771218	-0.270549	9.80461	100602	25.1523
982	2688486	-0.100408	-0.269395	9.82664	100602	25.1523
983	2688586	-0.0800947	-0.275077	9.8026	100602	25.1523
984	2688686	-0.0937426	-0.257903	9.81602	100596	25.1523
986	2688886	-0.0842676	-0.286997	9.81412	100601	25.1562
987	2688986	-0.0869276	-0.268482	9.80237	100603	25.1562
989	2689186	-0.0809539	-0.259754	9.8104	100604	25.1523
990	2689286	-0.0707994	-0.271193	9.81379	100602	25.1641
992	2689486	-0.0813647	-0.282441	9.80032	100605	25.1484
993	2689586	-0.082534	-0.248763	9.80551	100607	25.1562
