Counter	TimeFine	Acc_X	Acc_Y	Acc_Z	Pressure	Temp
0	353894	-0.237085	0.00672722	9.78136	100630	0
1	353994	-0.310991	-0.0398904	9.73693	100626	0
2	354094	-0.383817	-0.00749095	9.77961	100635	0
3	354194	-0.443629	0.102191	9.79638	100629	0
4	354294	-0.501955	0.193909	9.74469	100626	0
6	354494	-0.586015	0.175219	9.69752	100633	0
7	354594	-0.557179	0.13008	9.65253	100631	0
8	354694	-0.604716	0.0677055	9.62183	100637	0
10	354894	-0.565614	0.0706934	9.5939	100629	0
12	355094	-0.565543	0.154911	9.61688	100629	0
13	355194	-0.626669	0.141258	9.72265	100636	0
14	355294	-0.664075	0.0623098	9.67253	100634	0
15	355394	-0.652402	-0.0789459	9.65768	100633	0
16	355494	-0.6701	-0.193847	9.69999	100631	0
19	355794	-0.869528	-0.0490443	9.72544	100636	0
20	355894	-0.805002	-0.00309557	9.73035	100629	0
21	355994	-0.75278	-0.0807876	9.79486	100628	0
23	356194	-0.590697	-0.183554	9.84472	100632	0
24	356294	-0.506659	-0.174211	9.82504	100628	0
27	356594	-0.493772	-0.363062	9.98427	100622	0
28	356694	-0.605365	-0.392435	9.92579	100627	0
30	356894	-0.676341	-0.271506	9.92641	100628	0
32	357094	-0.809909	-0.138264	9.88417	100629	0
33	357194	-0.810119	-0.178242	9.8922	100624	0
35	357394	-0.805569	-0.277849	9.91191	100623	0
37	357594	-0.698843	-0.156133	9.92315	100630	0
38	357694	-0.579183	-0.0901996	9.90375	100626	0
39	357794	-0.556697	-0.105904	9.96078	100627	0
41	357994	-0.424496	-0.265595	9.9008	100626	0
43	358194	-0.60591	-0.265662	9.88301	100630	0
45	358394	-0.707477	0.073666	9.87765	100629	0
46	358494	-0.814775	0.233201	9.77962	100626	0
47	358594	-0.79646	0.236731	9.68895	100633	0
49	358794	-0.72678	0.522034	9.58189	100630	0
50	358894	-0.722037	0.729628	9.53524	100630	0
52	359094	-0.541166	0.835395	9.51606	100633	0
53	359194	-0.412723	0.578009	9.67673	100627	0
56	359494	-0.696156	0.0580438	9.72879	100621	0
57	359594	-0.773069	0.144199	9.69683	100629	0
58	359694	-0.573197	0.347481	9.76655	100623	0
60	359894	-0.551109	0.258432	9.72384	100627	0
62	360094	-0.5046	-0.0775439	9.82548	100633	0
63	360194	-0.722542	-0.0391938	9.74626	100633	0
64	360294	-0.765816	-0.0306595	9.87174	100631	0
65	360394	-0.627868	0.130488	9.85143	100631	0
66	360494	-0.711189	0.186022	9.68336	100629	0
68	360694	-0.459037	0.17435	9.79722	100625	0
69	360794	-0.520934	0.214405	9.83813	100625	0
73	361194	-0.520108	0.41572	9.78075	100626	0
74	361294	-0.67602	0.33472	9.6804	100631	0
75	361394	-0.71831	0.253211	9.62329	100625	0
76	361494	-0.558017	0.176657	9.65454	100627	0
79	361794	-0.903478	0.303914	9.57075	100629	0
80	361894	-0.803911	0.407929	9.66816	100628	0
81	361994	-0.921262	0.491814	9.62927	100631	0
83	362194	-0.934072	0.521637	9.73319	100625	0
84	362294	-1.04207	0.515472	9.70316	100633	0
85	362394	-1.01208	0.550722	9.74132	100627	0
88	362694	-0.821509	0.237722	9.83376	100625	0
90	362894	-0.924255	0.090594	9.72053	100626	0
91	362994	-0.990065	0.0846613	9.59323	100623	0
93	363194	-0.817025	0.407923	9.7617	100625	0
94	363294	-0.854788	0.406385	9.73326	100628	0
95	363394	-0.818705	0.43433	9.84237	100627	0
98	363694	-0.796651	0.204909	9.65837	100622	0
99	363794	-0.659749	0.266784	9.68377	100633	26.5625
101	363994	-0.834481	0.504901	9.86243	100630	26.5625
102	364094	-0.638718	0.6389	9.83379	100629	26.5625
104	364294	-1.02668	0.243127	9.60606	100631	26.5625
105	364394	-1.02323	0.135876	9.54703	100627	26.5625
106	364494	-0.951627	0.150946	9.69966	100626	26.5625
108	364694	-0.895772	0.422063	9.79958	100633	26.5625
109	364794	-0.863313	0.49584	9.70157	100627	26.5625
112	365094	-0.846907	0.194796	9.79566	100629	26.5625
113	365194	-0.89477	0.147807	9.72673	100625	26.5625
114	365294	-0.797604	0.145752	9.79512	100627	26.5625
115	365394	-0.71628	0.136177	9.86863	100635	26.5625
116	365494	-0.653675	0.140356	9.86308	100631	26.5625
118	365694	-0.731543	0.187762	9.83034	100635	26.5625
121	365994	-0.760131	0.311929	9.79584	100631	26.5625
123	366194	-0.781086	0.274993	9.80674	100623	26.5625
124	366294	-0.803768	0.284339	9.81565	100625	26.5625
125	366394	-0.799606	0.304652	9.81774	100629	26.5625
127	366594	-0.74608	0.276191	9.75425	100633	26.5625
128	366694	-0.591599	0.190497	9.87016	100628	26.5625
130	366894	-0.748032	0.0186814	9.83015	100633	26.5625
131	366994	-0.775219	0.00334454	9.77612	100629	26.5625
132	367094	-0.810406	0.102533	9.72142	100633	26.5625
135	367394	-0.954502	0.26698	9.77582	100629	26.5625
136	367494	-1.04664	0.187486	9.81122	100639	26.5625
137	367594	-0.981147	0.140774	9.74899	100629	26.5625
138	367694	-0.910101	0.149607	9.71669	100630	26.5625
141	367994	-0.728636	0.295002	9.65204	100631	26.5625
142	368094	-0.612365	0.293844	9.69984	100627	26.5625
144	368294	-0.741951	0.314602	9.81142	100629	26.5625
145	368394	-0.866649	0.385808	9.77524	100624	26.5625
146	368494	-0.90058	0.414736	9.71686	100627	26.5625
147	368594	-0.927971	0.479134	9.66722	100624	26.5625
149	368794	-0.712536	0.567802	9.73427	100624	26.5625
151	368994	-0.613885	0.460971	9.81904	100632	26.5625
154	369294	-0.706778	0.269639	9.85117	100621	26.5625
155	369394	-0.623332	0.268402	9.76627	100632	26.5625
156	369494	-0.521752	0.295724	9.81405	100626	26.5625
158	369694	-0.49697	0.299954	9.83457	100628	26.5625
159	369794	-0.571242	0.295066	9.78917	100634	26.5625
160	369894	-0.632427	0.264401	9.77715	100622	26.5625
162	370094	-0.508733	0.272126	9.7449	100632	26.5625
163	370194	-0.548493	0.39606	9.75603	100632	26.5625
165	370394	-0.659784	0.44276	9.8289	100632	26.5625
166	370494	-0.702913	0.399076	9.79547	100627	26.5625
168	370694	-0.681002	0.141656	9.8219	100630	26.5625
169	370794	-0.655265	0.111824	9.86798	100635	26.5625
171	370994	-0.653138	0.239165	9.87582	100622	26.5625
172	371094	-0.67667	0.220425	9.91191	100632	26.5625
174	371294	-0.682633	0.0235513	9.87295	100629	26.5625
177	371594	-0.57263	0.327386	9.74338	100626	26.5625
178	371694	-0.507195	0.457395	9.76514	100626	26.5625
180	371894	-0.577443	0.431714	9.81665	100628	26.5625
181	371994	-0.654081	0.350701	9.913	100629	26.5625
183	372194	-0.858141	0.269228	9.86156	100627	26.5625
185	372394	-0.776993	0.0696409	9.83444	100623	26.5625
186	372494	-0.67335	0.0312731	9.82713	100627	26.5625
187	372594	-0.610833	0.107827	9.86583	100627	26.5625
189	372794	-0.680654	0.322671	9.74601	100629	26.5625
191	372994	-0.601398	0.326692	9.75662	100627	26.5625
192	373094	-0.65124	0.314719	9.84638	100630	26.5625
193	373194	-0.677369	0.360037	9.9185	100623	26.5625
194	373294	-0.729345	0.283362	9.88938	100630	26.5625
197	373594	-0.593281	0.24715	9.80698	100628	26.5625
198	373694	-0.519713	0.278076	9.76341	100633	26.5625
199	373794	-0.51506	0.299041	9.88296	100628	26.6602
200	373894	-0.57951	0.421064	9.75452	100628	26.6602
202	374094	-0.706115	0.593388	9.81747	100636	26.6602
203	374194	-0.787426	0.586498	9.84118	100634	26.6602
205	374394	-0.737951	0.449874	9.78112	100632	26.6602
207	374594	-0.593912	0.457708	9.76865	100626	26.6602
210	374894	-0.599025	0.261214	9.71404	100628	26.6602
211	374994	-0.685714	0.406113	9.80472	100632	26.6602
213	375194	-0.932163	0.68873	9.74446	100625	26.6602
214	375294	-0.875653	0.600926	9.71842	100631	26.6602
215	375394	-0.82639	0.465066	9.7274	100629	26.6602
216	375494	-0.803874	0.314011	9.70546	100626	26.6602
219	375794	-0.777627	0.307626	9.7207	100630	26.6602
220	375894	-0.819747	0.450739	9.81172	100630	26.6602
221	375994	-0.87215	0.547112	9.74257	100633	26.6602
224	376294	-0.987311	0.279477	9.71818	100630	26.6602
225	376394	-1.00509	0.292873	9.68783	100629	26.6602
227	376594	-0.793031	0.305261	9.80488	100633	26.6602
228	376694	-0.707517	0.422635	9.74564	100626	26.6602
230	376894	-0.559338	0.552216	9.78307	100626	26.6602
231	376994	-0.650506	0.33349	9.79287	100630	26.6602
233	377194	-0.612756	0.268621	9.908	100632	26.6602
235	377394	-0.765807	0.172357	9.89355	100622	26.6602
236	377494	-0.781419	0.0941248	9.92096	100624	26.6602
237	377594	-0.74451	0.0376467	9.88652	100629	26.6602
239	377794	-0.756166	0.3165	9.83076	100631	26.6602
240	377894	-0.749343	0.470524	9.8109	100634	26.6602
242	378094	-0.810501	0.411319	9.75239	100627	26.6602
244	378294	-0.679015	0.131195	9.76393	100632	26.6602
245	378394	-0.615972	0.192273	9.76176	100623	26.6602
247	378594	-0.680419	0.426387	9.65945	100624	26.6602
248	378694	-0.687337	0.417355	9.64766	100628	26.6602
250	378894	-0.72215	0.501098	9.7492	100624	26.6602
251	378994	-0.778841	0.439658	9.76909	100621	26.6602
253	379194	-0.917305	0.206866	9.7357	100627	26.6602
254	379294	-0.88956	0.14351	9.72271	100624	26.6602
255	379394	-0.773306	0.135975	9.77354	100632	26.6602
258	379694	-0.96181	0.104631	9.8037	100628	26.6602
259	379794	-0.976051	0.0809017	9.79968	100620	26.6602
260	379894	-0.921126	0.0841432	9.82432	100632	26.6602
261	379994	-0.913146	0.166856	9.87899	100625	26.6602
264	380294	-0.875581	0.0833738	9.85867	100626	26.6602
265	380394	-0.89779	0.103388	9.7859	100629	26.6602
266	380494	-0.834516	0.138771	9.8266	100626	26.6602
268	380694	-0.605841	0.262488	9.81661	100627	26.6602
270	380894	-0.530699	0.270273	9.78012	100622	26.6602
271	380994	-0.593914	0.23649	9.71483	100628	26.6602
273	381194	-0.641008	0.347469	9.73521	100627	26.6602
274	381294	-0.660141	0.536367	9.75415	100626	26.6602
276	381494	-0.757415	0.679213	9.80549	100617	26.6602
277	381594	-0.833778	0.57893	9.8837	100629	26.6602
278	381694	-0.908319	0.450094	9.79422	100625	26.6602
279	381794	-0.904664	0.280793	9.75565	100627	26.6602
281	381994	-0.672777	0.241279	9.80993	100627	26.6602
283	382194	-0.489123	0.395132	9.87593	100625	26.6602
284	382294	-0.519301	0.454866	9.90069	100627	26.6602
286	382494	-0.602189	0.341217	9.82951	100622	26.6602
287	382594	-0.599599	0.168873	9.75432	100622	26.6602
289	382794	-0.645856	0.109635	9.83557	100627	26.6602
290	382894	-0.664349	0.147155	9.80148	100625	26.6602
292	383094	-0.659181	0.176537	9.7806	100632	26.6602
295	383394	-0.64814	0.383343	9.79507	100623	26.6602
296	383494	-0.774593	0.469185	9.77209	100625	26.6602
298	383694	-0.842733	0.646609	9.75331	100632	26.6602
300	383894	-0.799187	0.64649	9.77071	100630	26.6602
301	383994	-0.750648	0.55092	9.74219	100627	26.6602
303	384194	-0.755972	0.488782	9.80774	100629	26.6602
304	384294	-0.748741	0.539562	9.75523	100626	26.6602
305	384394	-0.731611	0.531341	9.69197	100625	26.6602
306	384494	-0.570693	0.484143	9.67939	100629	26.6602
308	384694	-0.583153	0.494049	9.76821	100624	26.6602
309	384794	-0.60783	0.553001	9.77472	100625	26.6602
312	385094	-0.562026	0.542193	9.79195	100628	26.6602
314	385294	-0.572724	0.388331	9.79413	100629	26.6602
315	385394	-0.563531	0.339467	9.80168	100626	26.6602
316	385494	-0.598518	0.352103	9.8277	100631	26.6602
317	385594	-0.617089	0.372134	9.81672	100626	26.6602
320	385894	-0.56883	0.423223	9.84163	100624	26.6602
321	385994	-0.618601	0.505269	9.87319	100625	26.6602
322	386094	-0.665131	0.525583	9.87392	100625	26.6602
323	386194	-0.647853	0.591441	9.86503	100623	26.6602
325	386394	-0.567318	0.509279	9.79905	100625	26.6602
326	386494	-0.488843	0.415089	9.79273	100629	26.6602
329	386794	-0.51819	0.326072	9.79323	100631	26.6602
331	386994	-0.601554	0.535418	9.8144	100624	26.6602
332	387094	-0.648048	0.600588	9.82088	100623	26.6602
333	387194	-0.659844	0.644495	9.78011	100627	26.6602
334	387294	-0.639023	0.587087	9.80576	100627	26.6602
336	387494	-0.560748	0.531468	9.75296	100626	26.6602
337	387594	-0.568023	0.509025	9.79245	100631	26.6602
339	387794	-0.488529	0.381951	9.76649	100631	26.6602
342	388094	-0.586132	0.50495	9.79984	100628	26.6602
343	388194	-0.529634	0.611434	9.78281	100627	26.6602
344	388294	-0.584001	0.723232	9.75467	100620	26.6602
347	388594	-0.810194	0.548168	9.72444	100627	26.6602
348	388694	-0.809035	0.508215	9.73555	100628	26.6602
350	388894	-0.69729	0.455913	9.8079	100622	26.6602
351	388994	-0.615204	0.479907	9.80841	100625	26.6602
353	389194	-0.385364	0.35686	9.83215	100626	26.6602
355	389394	-0.28847	0.191085	9.8771	100626	26.6602
356	389494	-0.317866	0.176266	9.79171	100628	26.6602
358	389694	-0.378585	0.364322	9.79978	100619	26.6602
359	389794	-0.473964	0.558371	9.88077	100624	26.6602
361	389994	-0.679618	0.641665	9.87193	100634	26.6602
362	390094	-0.738275	0.534592	9.87904	100628	26.6602
364	390294	-0.726603	0.250151	9.88102	100630	26.6602
366	390494	-0.513287	0.199311	9.86131	100634	26.6602
367	390594	-0.521468	0.284836	9.87826	100626	26.6602
369	390794	-0.431004	0.36929	9.84875	100624	26.6602
370	390894	-0.433799	0.3876	9.89047	100630	26.6602
371	390994	-0.484875	0.37618	9.82969	100627	26.6602
373	391194	-0.465565	0.450739	9.74069	100628	26.6602
374	391294	-0.399256	0.497689	9.71385	100620	26.6602
376	391494	-0.618966	0.540856	9.7826	100624	26.6602
378	391694	-0.755223	0.617863	9.81217	100630	26.6602
380	391894	-0.783376	0.556514	9.70686	100629	26.6602
381	391994	-0.728211	0.472985	9.82458	100628	26.6602
383	392194	-0.583897	0.238769	9.8971	100629	26.6602
384	392294	-0.530256	0.15409	9.8062	100632	26.6602
385	392394	-0.525778	0.135862	9.82007	100624	26.6602
387	392594	-0.48951	0.422869	9.83833	100623	26.6602
389	392794	-0.444486	0.718484	9.78848	100629	26.6602
391	392994	-0.583661	0.582876	9.78823	100636	26.6602
392	393094	-0.743366	0.54548	9.84876	100628	26.6602
393	393194	-0.756775	0.447329	9.82969	100632	26.6602
395	393394	-0.542468	0.214298	9.78053	100630	26.6602
396	393494	-0.445779	0.236235	9.68956	100630	26.6602
398	393694	-0.516211	0.610017	9.75482	100622	26.6602
400	393894	-0.675388	0.761334	9.79406	100624	26.6602
401	393994	-0.671637	0.653851	9.77858	100626	26.6602
402	394094	-0.697347	0.54557	9.74063	100630	26.6602
403	394194	-0.680656	0.456355	9.73392	100626	26.6602
405	394394	-0.501844	0.451382	9.72874	100632	26.6602
406	394494	-0.431009	0.4966	9.87005	100629	26.6602
409	394794	-0.638493	0.538226	9.8252	100631	26.6602
411	394994	-0.878469	0.34698	9.70107	100624	26.6602
412	395094	-0.899928	0.323915	9.74842	100624	26.6602
413	395194	-0.838186	0.382284	9.78613	100626	26.6602
414	395294	-0.79035	0.432458	9.80924	100630	26.6602
416	395494	-0.718862	0.377804	9.8168	100626	26.6602
419	395794	-0.590683	0.349531	9.79392	100630	26.6602
420	395894	-0.559164	0.338524	9.76661	100632	26.6602
422	396094	-0.632671	0.374748	9.70606	100631	26.6602
423	396194	-0.69347	0.36785	9.76088	100620	26.6602
425	396394	-0.580377	0.403772	9.79731	100622	26.6602
426	396494	-0.508598	0.47882	9.7739	100623	26.6602
427	396594	-0.448768	0.495336	9.81543	100628	26.6602
429	396794	-0.499519	0.606727	9.82423	100625	26.6602
431	396994	-0.678785	0.490019	9.86788	100631	26.6602
432	397094	-0.617818	0.314798	9.85627	100626	26.6602
433	397194	-0.524493	0.226282	9.83182	100623	26.6602
436	397494	-0.674447	0.450493	9.79148	100625	26.6602
437	397594	-0.645708	0.601849	9.76004	100624	26.6602
439	397794	-0.452598	0.61433	9.81313	100627	26.6602
440	397894	-0.367362	0.595031	9.82485	100627	26.6602
441	397994	-0.440365	0.436041	9.82409	100628	26.6602
442	398094	-0.474813	0.289442	9.77736	100628	26.6602
443	398194	-0.508467	0.223985	9.80861	100627	26.6602
447	398594	-0.600033	0.656738	9.74228	100627	26.6602
448	398694	-0.605872	0.654417	9.74832	100625	26.6602
450	398894	-0.687668	0.512298	9.72904	100633	26.6602
451	398994	-0.647527	0.464432	9.72047	100625	26.6602
452	399094	-0.640593	0.406738	9.81627	100633	26.6602
453	399194	-0.53559	0.455091	9.78573	100629	26.6602
454	399294	-0.487484	0.475024	9.86235	100631	26.6602
457	399594	-0.718499	0.18714	9.85184	100628	26.6602
459	399794	-0.817989	0.195099	9.84821	100622	26.6602
460	399894	-0.802847	0.228134	9.8713	100633	26.6602
462	400094	-0.581284	0.375233	9.82016	100629	26.6602
463	400194	-0.520322	0.469372	9.81328	100622	26.6602
465	400394	-0.483757	0.492988	9.80824	100621	26.6602
467	400594	-0.476253	0.548638	9.85696	100629	26.6602
468	400694	-0.430031	0.595273	9.79939	100629	26.6602
469	400794	-0.404019	0.574219	9.74155	100629	26.6602
470	400894	-0.358454	0.551434	9.73453	100626	26.6602
473	401194	-0.510507	0.515137	9.65135	100631	26.6602
474	401294	-0.671405	0.62372	9.71798	100626	26.6602
475	401394	-0.732214	0.830401	9.76293	100629	26.6602
476	401494	-0.688296	0.848176	9.85747	100622	26.6602
479	401794	-0.44495	0.298472	9.86647	100624	26.6602
481	401994	-0.450642	0.220282	9.80594	100629	26.6602
482	402094	-0.563789	0.280541	9.83151	100632	26.6602
483	402194	-0.616742	0.477647	9.86886	100627	26.6602
484	402294	-0.635925	0.615048	9.88379	100629	26.6602
486	402494	-0.652989	0.635849	9.86538	100631	26.6602
489	402794	-0.45232	0.399674	9.72603	100631	26.6602
490	402894	-0.331718	0.372628	9.74813	100628	26.6602
492	403094	-0.31458	0.320204	9.77624	100633	26.6602
493	403194	-0.433008	0.299427	9.79346	100630	26.6602
494	403294	-0.509186	0.352932	9.76989	100630	26.6602
497	403594	-0.70756	0.475312	9.79536	100629	26.6602
498	403694	-0.711641	0.429345	9.80268	100619	26.6602
500	403894	-0.70551	0.418476	9.84052	100623	26.6602
501	403994	-0.666591	0.368786	9.85866	100627	26.6602
502	404094	-0.648945	0.315513	9.916	100615	26.6602
504	404294	-0.563768	0.216264	9.86333	100631	26.6602
505	404394	-0.517647	0.217051	9.82322	100621	26.6602
506	404494	-0.477082	0.252922	9.81357	100633	26.6602
507	404594	-0.404328	0.343157	9.85819	100623	26.6602
511	404994	-0.578525	0.490284	9.73851	100626	26.6602
512	405094	-0.638741	0.634544	9.7905	100629	26.6602
513	405194	-0.587547	0.655589	9.73332	100627	26.6602
515	405394	-0.525488	0.68429	9.76997	100621	26.6602
517	405594	-0.57188	0.51371	9.78305	100625	26.6602
518	405694	-0.566941	0.412849	9.79854	100628	26.6602
519	405794	-0.536438	0.382989	9.83671	100631	26.6602
521	405994	-0.563195	0.389567	9.81591	100630	26.6602
523	406194	-0.486113	0.421437	9.80908	100627	26.6602
524	406294	-0.510362	0.476937	9.84567	100624	26.6602
525	406394	-0.55917	0.500176	9.8497	100629	26.6602
526	406494	-0.547862	0.487748	9.89453	100627	26.6602
529	406794	-0.4682	0.400465	9.85783	100626	26.6602
531	406994	-0.626437	0.478857	9.75033	100625	26.6602
532	407094	-0.696182	0.550461	9.73691	100624	26.6602
534	407294	-0.629562	0.594345	9.75617	100621	26.6602
535	407394	-0.619437	0.480109	9.80608	100627	26.6602
537	407594	-0.647675	0.273414	9.76655	100623	26.6602
539	407794	-0.606347	0.237437	9.78119	100623	26.6602
540	407894	-0.580453	0.31342	9.79115	100625	26.6602
542	408094	-0.580798	0.554352	9.83866	100625	26.6602
543	408194	-0.639144	0.55903	9.80491	100618	26.6602
545	408394	-0.663803	0.342971	9.73083	100629	26.6602
546	408494	-0.669297	0.295873	9.67251	100625	26.6602
547	408594	-0.668436	0.329982	9.71208	100626	26.6602
550	408894	-0.629669	0.4801	9.80931	100624	26.6602
551	408994	-0.751139	0.419645	9.80233	100623	26.6602
553	409194	-0.790947	0.457511	9.78679	100624	26.6602
554	409294	-0.779079	0.445582	9.80693	100628	26.6602
555	409394	-0.666164	0.370257	9.78145	100627	26.6602
556	409494	-0.539497	0.386352	9.81296	100623	26.6602
559	409794	-0.431502	0.454897	9.84973	100624	26.6602
561	409994	-0.529413	0.45426	9.82906	100629	26.6602
562	410094	-0.529486	0.453307	9.77478	100626	26.6602
564	410294	-0.450308	0.323822	9.8377	100623	26.6602
565	410394	-0.42361	0.342221	9.86749	100627	26.6602
567	410594	-0.321944	0.403122	9.77092	100631	26.6602
568	410694	-0.343992	0.54048	9.75128	100629	26.6602
570	410894	-0.488451	0.838534	9.78407	100628	26.6602
571	410994	-0.601175	0.88316	9.77601	100624	26.6602
573	411194	-0.772598	0.535828	9.77679	100626	26.6602
575	411394	-0.622532	0.139238	9.86477	100631	26.6602
576	411494	-0.522008	0.12121	9.8674	100625	26.6602
578	411694	-0.492791	0.226306	9.89396	100630	26.6602
579	411794	-0.582929	0.303879	9.82074	100629	26.6602
581	411994	-0.653321	0.379582	9.79758	100632	26.6602
583	412194	-0.603397	0.436106	9.7857	100634	26.6602
584	412294	-0.595102	0.451833	9.80691	100628	26.6602
585	412394	-0.607452	0.449276	9.83291	100628	26.6602
586	412494	-0.627909	0.428569	9.8015	100633	26.6602
587	412594	-0.65119	0.364934	9.71763	100628	26.6602
589	412794	-0.504066	0.420766	9.75078	100622	26.6602
591	412994	-0.63079	0.43915	9.84643	100625	26.6602
592	413094	-0.666762	0.376307	9.84722	100631	26.6602
595	413394	-0.768471	0.367872	9.82933	100624	26.6602
596	413494	-0.715416	0.516533	9.78822	100626	26.6602
598	413694	-0.675147	0.57462	9.83117	100624	26.6602
599	413794	-0.678567	0.534568	9.81802	100626	27.1094
600	413894	-0.592293	0.431657	9.85784	100632	27.1094
603	414194	-0.30504	0.249399	9.84608	100626	27.1094
604	414294	-0.332814	0.2474	9.79421	100626	27.1094
605	414394	-0.387613	0.352735	9.72716	100629	27.1094
606	414494	-0.417838	0.466983	9.735	100625	27.1094
609	414794	-0.685651	0.610205	9.77575	100626	27.1094
610	414894	-0.809786	0.538846	9.77718	100629	27.1094
612	415094	-0.689279	0.349731	9.84235	100630	27.1094
613	415194	-0.573951	0.301334	9.89074	100626	27.1094
614	415294	-0.548129	0.260925	9.89985	100629	27.1094
616	415494	-0.50529	0.0950473	9.86358	100629	27.1094
617	415594	-0.479265	0.155691	9.89508	100626	27.1094
618	415694	-0.513313	0.309474	9.96191	100624	27.1094
621	415994	-0.629638	0.598031	9.75059	100630	27.1094
623	416194	-0.406182	0.37083	9.73878	100624	27.1094
624	416294	-0.343645	0.336089	9.93213	100626	27.1094
625	416394	-0.312087	0.37561	9.88735	100626	27.1094
627	416594	-0.489223	0.349882	9.89153	100630	27.1094
629	416794	-0.454509	0.498253	9.66638	100626	27.1094
630	416894	-0.412108	0.507778	9.67269	100625	27.1094
631	416994	-0.426339	0.532666	9.68753	100624	27.1094
634	417294	-0.911538	0.421284	9.83745	100628	27.1094
635	417394	-1.13708	0.361311	9.79959	100622	27.1094
637	417594	-1.01083	0.0573794	9.78173	100624	27.1094
638	417694	-0.840194	-0.0133	9.73162	100634	27.1094
639	417794	-0.655752	0.0300364	9.85838	100622	27.1094
642	418094	-0.574405	0.361581	9.97582	100626	27.1094
643	418194	-0.680581	0.514518	9.80863	100626	27.1094
644	418294	-0.732868	0.605004	9.7608	100625	27.1094
646	418494	-0.542464	0.581616	9.6982	100621	27.1094
647	418594	-0.384681	0.630954	9.71198	100624	27.1094
648	418694	-0.364031	0.648801	9.75455	100629	27.1094
651	418994	-0.594293	0.703345	9.84268	100630	27.1094
652	419094	-0.663573	0.771145	9.82046	100630	27.1094
654	419294	-0.7597	0.331287	9.78385	100629	27.1094
656	419494	-0.62493	0.0954417	9.67512	100628	27.1094
657	419594	-0.580257	0.211059	9.84472	100626	27.1094
659	419794	-0.570066	0.487917	9.84849	100626	27.1094
660	419894	-0.614215	0.582095	9.84586	100630	27.1094
662	420094	-0.688808	0.46877	9.75628	100634	27.1094
663	420194	-0.662415	0.439875	9.79343	100630	27.1094
664	420294	-0.631119	0.494038	9.73874	100630	27.1094
665	420394	-0.595072	0.494465	9.75449	100627	27.1094
667	420594	-0.521093	0.640823	9.76167	100627	27.1094
669	420794	-0.561536	0.632214	9.83784	100624	27.1094
671	420994	-0.633496	0.444613	9.84119	100627	27.1094
672	421094	-0.685596	0.328672	9.87286	100629	27.1094
673	421194	-0.633418	0.325761	9.75627	100628	27.1094
674	421294	-0.591952	0.239693	9.76208	100624	27.1094
676	421494	-0.48557	0.470898	9.80334	100628	27.1094
677	421594	-0.509521	0.521229	9.92279	100628	27.1094
679	421794	-0.791075	0.378237	9.86335	100624	27.1094
680	421894	-0.761303	0.268318	9.80057	100631	27.1094
682	422094	-0.520497	0.303353	9.75333	100627	27.1094
684	422294	-0.647055	0.496222	9.86059	100632	27.1094
685	422394	-0.682862	0.424804	9.76703	100627	27.1094
688	422694	-0.480649	0.575792	9.72505	100634	27.1094
690	422894	-0.512771	0.683807	9.6537	100625	27.1094
691	422994	-0.584695	0.754516	9.74812	100627	27.1094
693	423194	-0.842094	0.738957	9.71349	100635	27.1094
695	423394	-0.853677	0.36444	9.71709	100631	27.1094
696	423494	-0.794342	0.173597	9.706	100633	27.1094
698	423694	-0.753367	0.264311	9.91075	100629	27.1094
699	423794	-0.732872	0.356235	9.86418	100623	27.2188
701	423994	-0.584986	0.509038	9.78169	100629	27.2188
702	424094	-0.538916	0.495045	9.78758	100621	27.2188
704	424294	-0.556252	0.486178	9.75852	100623	27.2188
705	424394	-0.593072	0.599238	9.8342	100625	27.2188
707	424594	-0.606515	0.683196	9.76018	100629	27.2188
708	424694	-0.555589	0.594096	9.78686	100631	27.2188
709	424794	-0.550824	0.568344	9.81682	100629	27.2188
712	425094	-0.55863	0.275299	9.73008	100626	27.2188
713	425194	-0.556611	0.228478	9.74916	100629	27.2188
714	425294	-0.562074	0.315758	9.79937	100623	27.2188
716	425494	-0.604032	0.563053	9.84538	100628	27.2188
718	425694	-0.620135	0.514447	9.73942	100626	27.2188
719	425794	-0.646873	0.440462	9.74561	100625	27.2188
721	425994	-0.54824	0.411979	9.83378	100618	27.2188
722	426094	-0.496497	0.364457	9.81649	100630	27.2188
723	426194	-0.494003	0.365288	9.84977	100622	27.2188
726	426494	-0.661608	0.669177	9.80457	100623	27.2188
727	426594	-0.699798	0.581712	9.83247	100633	27.2188
729	426794	-0.702725	0.197223	9.82942	100627	27.2188
730	426894	-0.571007	0.108156	9.79625	100633	27.2188
731	426994	-0.381031	0.0573615	9.79523	100625	27.2188
734	427294	-0.479348	0.387642	9.87408	100627	27.2188
735	427394	-0.599751	0.453567	9.80329	100632	27.2188
737	427594	-0.72212	0.494604	9.75763	100630	27.2188
738	427694	-0.728805	0.437073	9.75689	100631	27.2188
739	427794	-0.604426	0.454462	9.73114	100628	27.2188
741	427994	-0.355394	0.514303	9.83715	100635	27.2188
743	428194	-0.448154	0.390603	9.80119	100631	27.2188
744	428294	-0.468975	0.307087	9.87206	100625	27.2188
746	428494	-0.545818	0.337931	9.82939	100626	27.2188
748	428694	-0.495633	0.439522	9.79684	100622	27.2188
749	428794	-0.496801	0.492364	9.85505	100633	27.2188
751	428994	-0.564923	0.511317	9.82785	100625	27.2188
752	429094	-0.596573	0.417195	9.8356	100633	27.2188
754	429294	-0.429547	0.309688	9.80225	100627	27.2188
755	429394	-0.368564	0.324873	9.80179	100625	27.2188
757	429594	-0.427747	0.390998	9.82219	100624	27.2188
758	429694	-0.48489	0.530873	9.88405	100621	27.2188
759	429794	-0.631243	0.495708	9.80628	100627	27.2188
762	430094	-0.6556	0.593144	9.80942	100628	27.2188
763	430194	-0.59583	0.559063	9.82575	100625	27.2188
764	430294	-0.405133	0.485312	9.82709	100629	27.2188
766	430494	-0.239498	0.394319	9.80185	100629	27.2188
768	430694	-0.344929	0.494251	9.78602	100626	27.2188
769	430794	-0.413463	0.517	9.76238	100628	27.2188
770	430894	-0.527548	0.479588	9.86438	100626	27.2188
772	431094	-0.698349	0.418129	9.87755	100618	27.2188
773	431194	-0.620405	0.392062	9.83768	100626	27.2188
774	431294	-0.649283	0.356496	9.79048	100626	27.2188
777	431594	-0.621318	0.427998	9.81452	100628	27.2188
779	431794	-0.549914	0.587684	9.73111	100629	27.2188
780	431894	-0.477669	0.571214	9.74131	100629	27.2188
781	431994	-0.424712	0.610913	9.7004	100620	27.2188
783	432194	-0.575196	0.673265	9.6638	100627	27.2188
785	432394	-0.637007	0.748965	9.75114	100623	27.2188
786	432494	-0.76754	0.762345	9.81739	100629	27.2188
788	432694	-0.693628	0.337978	9.7343	100623	27.2188
789	432794	-0.671848	0.202761	9.80658	100629	27.2188
791	432994	-0.646368	0.22378	9.88202	100625	27.2188
792	433094	-0.545847	0.230561	9.88568	100635	27.2188
794	433294	-0.305521	0.329938	9.779	100625	27.2188
796	433494	-0.347923	0.61205	9.81261	100629	27.2188
797	433594	-0.428697	0.715643	9.80654	100631	27.2188
798	433694	-0.480173	0.722983	9.81428	100629	27.2188
799	433794	-0.599863	0.717977	9.79848	100631	27.3203
802	434094	-0.513338	0.446683	9.83505	100626	27.3203
804	434294	-0.339355	0.342145	9.8422	100624	27.3203
805	434394	-0.315429	0.381793	9.86276	100626	27.3203
807	434594	-0.446035	0.48171	9.85663	100628	27.3203
808	434694	-0.554737	0.515024	9.81945	100627	27.3203
810	434894	-0.493265	0.435772	9.8028	100634	27.3203
811	434994	-0.405646	0.449851	9.81034	100624	27.3203
813	435194	-0.415794	0.585956	9.82673	100622	27.3203
814	435294	-0.449202	0.545584	9.78762	100629	27.3203
816	435494	-0.586379	0.456043	9.85551	100637	27.3203
818	435694	-0.57903	0.470611	9.84933	100626	27.3203
819	435794	-0.565226	0.44682	9.84272	100627	27.3203
821	435994	-0.519805	0.396219	9.79679	100627	27.3203
822	436094	-0.495105	0.401668	9.77243	100625	27.3203
824	436294	-0.462122	0.428736	9.79858	100622	27.3203
825	436394	-0.461624	0.518329	9.82932	100622	27.3203
827	436594	-0.625441	0.492635	9.84409	100632	27.3203
828	436694	-0.599816	0.394466	9.77888	100622	27.3203
829	436794	-0.616904	0.325793	9.73368	100629	27.3203
830	436894	-0.597237	0.326327	9.69981	100636	27.3203
833	437194	-0.55157	0.549696	9.8108	100629	27.3203
834	437294	-0.540435	0.603263	9.79363	100628	27.3203
835	437394	-0.494549	0.602399	9.81531	100627	27.3203
838	437694	-0.500014	0.524772	9.82276	100628	27.3203
839	437794	-0.582041	0.491642	9.84129	100627	27.3203
841	437994	-0.521421	0.448528	9.84439	100626	27.3203
842	438094	-0.559315	0.374786	9.81025	100627	27.3203
843	438194	-0.53534	0.389201	9.76481	100622	27.3203
845	438394	-0.526641	0.425533	9.77714	100629	27.3203
847	438594	-0.422805	0.484648	9.86363	100625	27.3203
849	438794	-0.354781	0.291894	9.76906	100630	27.3203
850	438894	-0.396672	0.285682	9.84587	100624	27.3203
852	439094	-0.712142	0.338585	9.86782	100626	27.3203
853	439194	-0.743051	0.312682	9.88963	100622	27.3203
855	439394	-0.749374	0.307072	9.75723	100624	27.3203
856	439494	-0.659104	0.341831	9.75888	100627	27.3203
858	439694	-0.538596	0.47913	9.81477	100626	27.3203
860	439894	-0.51327	0.470094	9.8533	100625	27.3203
861	439994	-0.585316	0.342454	9.82328	100629	27.3203
863	440194	-0.533713	0.199092	9.78828	100624	27.3203
864	440294	-0.541764	0.252037	9.77868	100624	27.3203
866	440494	-0.424279	0.322924	9.84067	100630	27.3203
867	440594	-0.442657	0.389289	9.83375	100634	27.3203
869	440794	-0.538114	0.480196	9.8329	100622	27.3203
870	440894	-0.586924	0.531234	9.88066	100628	27.3203
871	440994	-0.603375	0.542165	9.87197	100632	27.3203
873	441194	-0.574641	0.417268	9.76686	100630	27.3203
875	441394	-0.306147	0.380889	9.79376	100626	27.3203
876	441494	-0.290051	0.418089	9.83038	100628	27.3203
878	441694	-0.474504	0.444489	9.89246	100627	27.3203
879	441794	-0.486115	0.452201	9.83949	100624	27.3203
880	441894	-0.482221	0.411622	9.82607	100626	27.3203
881	441994	-0.516046	0.398945	9.76197	100627	27.3203
883	442194	-0.647752	0.37059	9.75716	100624	27.3203
884	442294	-0.707902	0.379807	9.77445	100633	27.3203
887	442594	-0.730622	0.360457	9.75468	100625	27.3203
888	442694	-0.757122	0.356321	9.76467	100628	27.3203
889	442794	-0.707881	0.333484	9.74689	100628	27.3203
892	443094	-0.532514	0.5666	9.78155	100626	27.3203
893	443194	-0.438142	0.526742	9.8022	100624	27.3203
895	443394	-0.563045	0.216842	9.82111	100623	27.3203
896	443494	-0.646918	0.080939	9.80197	100622	27.3203
897	443594	-0.638199	0.15534	9.75135	100634	27.3203
898	443694	-0.682637	0.263078	9.81193	100623	27.3203
901	443994	-0.65818	0.443162	9.73767	100632	27.3203
902	444094	-0.740852	0.47015	9.79502	100630	27.3203
904	444294	-0.870205	0.349587	9.74063	100620	27.3203
905	444394	-0.698648	0.332493	9.7293	100630	27.3203
906	444494	-0.619095	0.340399	9.73664	100624	27.3203
907	444594	-0.529851	0.390509	9.77182	100623	27.3203
910	444894	-0.610728	0.534753	9.74495	100630	27.3203
912	445094	-0.636565	0.403707	9.76666	100626	27.3203
913	445194	-0.602368	0.39465	9.77532	100628	27.3203
914	445294	-0.532576	0.424083	9.81213	100626	27.3203
915	445394	-0.464231	0.516202	9.84241	100629	27.3203
917	445594	-0.520581	0.518888	9.82348	100618	27.3203
920	445894	-0.567994	0.310786	9.83176	100629	27.3203
921	445994	-0.659429	0.319596	9.83164	100631	27.3203
922	446094	-0.601916	0.391293	9.84839	100629	27.3203
923	446194	-0.510506	0.517443	9.81222	100636	27.3203
924	446294	-0.430351	0.521859	9.80472	100628	27.3203
926	446494	-0.333117	0.420876	9.81345	100634	27.3203
929	446794	-0.625121	0.465665	9.72479	100627	27.3203
930	446894	-0.651792	0.54378	9.75616	100628	27.3203
931	446994	-0.567559	0.665822	9.71192	100621	27.3203
932	447094	-0.543888	0.667347	9.75296	100625	27.3203
934	447294	-0.636989	0.448442	9.82307	100634	27.3203
937	447594	-0.589227	0.227712	9.84054	100621	27.3203
939	447794	-0.450258	0.237816	9.86134	100631	27.3203
940	447894	-0.374996	0.19637	9.83623	100625	27.3203
942	448094	-0.34576	0.161867	9.81807	100626	27.3203
943	448194	-0.382859	0.243056	9.83003	100629	27.3203
944	448294	-0.441815	0.380163	9.81903	100626	27.3203
945	448394	-0.485615	0.51795	9.91259	100626	27.3203
947	448594	-0.639776	0.509439	9.84586	100627	27.3203
950	448894	-0.633671	0.323558	9.75484	100629	27.3203
951	448994	-0.604271	0.208319	9.79611	100627	27.3203
953	449194	-0.528652	0.284156	9.74575	100629	27.3203
954	449294	-0.592132	0.490948	9.76051	100629	27.3203
955	449394	-0.646763	0.677675	9.78901	100627	27.3203
956	449494	-0.633912	0.668677	9.76396	100627	27.3203
957	449594	-0.539344	0.525923	9.78963	100631	27.3203
961	449994	-0.510319	0.153743	9.86984	100627	27.3203
962	450094	-0.495271	0.184326	9.88801	100627	27.3203
964	450294	-0.593449	0.312943	9.79899	100627	27.3203
965	450394	-0.569153	0.394872	9.80056	100620	27.3203
967	450594	-0.647096	0.389167	9.77538	100626	27.3203
969	450794	-0.506432	0.387434	9.77299	100627	27.3203
970	450894	-0.467343	0.421414	9.81964	100629	27.3203
971	450994	-0.451799	0.499097	9.79995	100629	27.3203
972	451094	-0.472133	0.482845	9.79168	100626	27.3203
975	451394	-0.52112	0.0919336	9.80676	100636	27.3203
976	451494	-0.563328	0.0910343	9.7884	100630	27.3203
977	451594	-0.649582	0.118422	9.82977	100623	27.3203
980	451894	-0.694265	0.553981	9.78996	100628	27.3203
981	451994	-0.754913	0.689413	9.80295	100632	27.3203
983	452194	-0.651094	0.365114	9.75702	100629	27.3203
984	452294	-0.523412	0.178997	9.75342	100635	27.3203
986	452494	-0.36077	0.20162	9.89469	100635	27.3203
987	452594	-0.407545	0.255996	9.88549	100625	27.3203
988	452694	-0.447802	0.259843	9.79204	100621	27.3203
990	452894	-0.507887	0.247943	9.76565	100639	27.3203
991	452994	-0.618471	0.365479	9.83091	100624	27.3203
993	453194	-0.711836	0.46716	9.8461	100626	27.3203
